/*--------------------------------*- C++ -*----------------------------------*\
| =========                 |                                                 |
| \\      /  F ield         | OpenFOAM: The Open Source CFD Toolbox           |
|  \\    /   O peration     | Version:  v1706                                 |
|   \\  /    A nd           | Web:      www.OpenFOAM.com                      |
|    \\/     M anipulation  |                                                 |
\*---------------------------------------------------------------------------*/
FoamFile
{
    version     2.0;
    format      ascii;
    class       faceList;
    location    "constant/cap/polyMesh";
    object      faces;
}
// * * * * * * * * * * * * * * * * * * * * * * * * * * * * * * * * * * * * * //


4335
(
3(364 9 938)
3(364 938 10)
3(363 937 21)
3(363 20 937)
3(343 16 917)
3(343 917 17)
3(333 13 907)
3(333 907 14)
3(334 908 8)
3(334 7 908)
3(335 22 909)
3(335 909 23)
3(505 11 1079)
3(505 1079 12)
3(500 15 1074)
3(500 1074 16)
3(541 1115 13)
3(541 12 1115)
3(619 1193 7)
3(619 6 1193)
3(618 23 1192)
3(618 1192 24)
3(510 1084 15)
3(510 14 1084)
3(24 1165 591)
3(0 591 1165)
3(592 1166 6)
3(592 3 1166)
3(574 1148 19)
3(574 18 1148)
3(509 1083 11)
3(509 10 1083)
3(506 17 1080)
3(506 1080 18)
3(532 19 1106)
3(532 1106 20)
3(522 1096 9)
3(522 8 1096)
3(523 21 1097)
3(523 1097 22)
4(341 542 1116 915)
4(341 915 929 355)
4(542 355 929 1116)
4(341 233 807 915)
4(233 542 1116 807)
4(369 943 1123 549)
4(369 290 864 943)
4(290 549 1123 864)
4(369 943 735 161)
4(549 161 735 1123)
4(284 177 751 858)
4(284 858 954 380)
4(177 380 954 751)
4(503 197 771 1077)
4(503 1077 1062 488)
4(197 488 1062 771)
4(314 888 926 352)
4(314 224 798 888)
4(224 352 926 798)
4(353 927 889 315)
4(225 315 889 799)
4(353 225 799 927)
4(292 156 730 866)
4(292 866 1058 484)
4(156 484 1058 730)
4(407 981 920 346)
4(407 237 811 981)
4(237 346 920 811)
4(346 218 792 920)
4(218 407 981 792)
4(486 1060 894 320)
4(240 320 894 814)
4(486 240 814 1060)
4(319 893 1059 485)
4(319 241 815 893)
4(241 485 1059 815)
4(337 911 989 415)
4(181 415 989 755)
4(337 181 755 911)
4(416 990 912 338)
4(416 182 756 990)
4(182 338 912 756)
4(252 337 911 826)
4(415 252 826 989)
4(338 251 825 912)
4(251 416 990 825)
4(451 194 768 1025)
4(194 344 918 768)
4(451 1025 918 344)
4(387 961 1066 492)
4(387 170 744 961)
4(170 492 1066 744)
4(197 290 864 771)
4(369 197 771 943)
4(482 387 961 1056)
4(482 1056 1066 492)
4(300 471 1045 874)
4(672 1246 1045 471)
4(672 300 874 1246)
4(409 983 883 309)
4(168 309 883 742)
4(409 168 742 983)
4(311 885 975 401)
4(311 216 790 885)
4(216 401 975 790)
4(309 220 794 883)
4(220 409 983 794)
4(323 897 1024 450)
4(323 594 1168 897)
4(594 450 1024 1168)
4(450 161 735 1024)
4(161 323 897 735)
4(152 578 1152 726)
4(296 152 726 870)
4(296 870 1152 578)
4(577 153 727 1151)
4(153 297 871 727)
4(577 1151 871 297)
4(227 308 882 801)
4(467 1041 882 308)
4(467 227 801 1041)
4(290 864 1077 503)
4(573 63 112 1147)
4(64 573 1147 111)
4(572 1146 126 49)
4(572 48 127 1146)
4(250 396 970 824)
4(326 900 970 396)
4(326 250 824 900)
4(492 1066 1007 433)
4(266 433 1007 840)
4(492 266 840 1066)
4(352 209 783 926)
4(209 314 888 783)
4(208 353 927 782)
4(315 208 782 889)
4(202 381 955 776)
4(318 892 955 381)
4(318 202 776 892)
4(328 620 1194 902)
4(328 902 1102 528)
4(620 528 1102 1194)
4(633 1207 975 401)
4(633 311 885 1207)
4(356 930 1002 428)
4(154 428 1002 728)
4(356 154 728 930)
4(415 989 882 308)
4(181 308 882 755)
4(309 883 990 416)
4(309 182 756 883)
4(308 219 793 882)
4(219 415 989 793)
4(416 220 794 990)
4(327 161 735 901)
4(327 901 1024 450)
4(315 889 1011 437)
4(44 437 1011 131)
4(315 44 131 889)
4(436 1010 888 314)
4(436 68 107 1010)
4(68 314 888 107)
4(308 882 1047 473)
4(227 473 1047 801)
4(322 232 806 896)
4(232 400 974 806)
4(322 896 974 400)
4(328 173 747 902)
4(173 620 1194 747)
4(152 300 874 726)
4(578 1152 874 300)
4(70 282 856 105)
4(419 993 856 282)
4(419 70 105 993)
4(283 42 133 857)
4(283 857 994 420)
4(42 420 994 133)
4(655 194 768 1229)
4(655 1229 1025 451)
4(312 163 737 886)
4(312 886 1014 440)
4(163 440 1014 737)
4(164 313 887 738)
4(441 1015 887 313)
4(441 164 738 1015)
4(466 1040 1049 475)
4(466 309 883 1040)
4(309 475 1049 883)
4(228 466 1040 802)
4(475 228 802 1049)
4(70 670 1244 105)
4(282 856 1244 670)
4(671 42 133 1245)
4(671 1245 857 283)
4(323 254 828 897)
4(254 594 1168 828)
4(573 359 933 1147)
4(359 63 112 933)
4(358 572 1146 932)
4(358 932 126 49)
4(300 401 975 874)
4(471 1045 975 401)
4(50 344 918 125)
4(495 1069 918 344)
4(495 50 125 1069)
4(345 62 113 919)
4(345 919 1070 496)
4(62 496 1070 113)
4(401 152 726 975)
4(152 633 1207 726)
4(311 885 944 370)
4(311 229 803 885)
4(229 370 944 803)
4(370 216 790 944)
4(61 345 919 114)
4(392 966 919 345)
4(392 61 114 966)
4(488 267 841 1062)
4(267 503 1077 841)
4(480 292 866 1054)
4(480 1054 1055 481)
4(292 481 1055 866)
4(414 988 875 301)
4(155 301 875 729)
4(414 155 729 988)
4(504 403 977 1078)
4(183 757 977 403)
4(183 504 1078 757)
4(404 503 1077 978)
4(404 978 758 184)
4(503 184 758 1077)
4(324 898 1081 507)
4(324 190 764 898)
4(190 507 1081 764)
4(508 1082 897 323)
4(189 323 897 763)
4(508 189 763 1082)
4(695 177 751 1269)
4(695 1269 858 284)
4(301 217 791 875)
4(217 414 988 791)
4(404 290 864 978)
4(504 291 865 1078)
4(291 403 977 865)
4(322 896 1131 557)
4(322 196 770 896)
4(196 557 1131 770)
4(317 891 976 402)
4(317 217 791 891)
4(217 402 976 791)
4(344 918 124 51)
4(602 1176 1151 577)
4(602 153 727 1176)
4(480 156 730 1054)
4(313 887 1065 491)
4(164 491 1065 738)
4(490 1064 886 312)
4(490 163 737 1064)
4(524 1098 1002 428)
4(524 356 930 1098)
4(514 1088 987 413)
4(272 413 987 846)
4(514 272 846 1088)
4(192 561 1135 766)
4(721 1295 1135 561)
4(721 192 766 1295)
4(561 1135 1226 652)
4(192 652 1226 766)
4(320 164 738 894)
4(164 486 1060 738)
4(163 319 893 737)
4(485 163 737 1059)
4(641 1215 971 397)
4(287 397 971 861)
4(641 287 861 1215)
4(516 1090 893 319)
4(516 241 815 1090)
4(433 234 808 1007)
4(234 492 1066 808)
4(188 641 1215 762)
4(397 188 762 971)
4(462 322 896 1036)
4(462 1036 1131 557)
4(307 85 90 881)
4(85 444 1018 90)
4(307 881 1018 444)
4(27 306 880 148)
4(443 27 148 1017)
4(443 1017 880 306)
4(424 58 117 998)
4(424 998 900 326)
4(58 326 900 117)
4(605 352 926 1179)
4(410 984 926 352)
4(410 605 1179 984)
4(353 604 1178 927)
4(353 927 985 411)
4(604 411 985 1178)
4(210 543 1117 784)
4(526 1100 1117 543)
4(526 210 784 1100)
4(396 970 1071 497)
4(250 497 1071 824)
4(345 195 769 919)
4(195 392 966 769)
4(433 1007 1164 590)
4(266 590 1164 840)
4(210 396 970 784)
4(543 1117 970 396)
4(457 417 991 1031)
4(457 1031 1261 687)
4(417 687 1261 991)
4(605 209 783 1179)
4(208 604 1178 782)
4(214 306 880 788)
4(584 1158 880 306)
4(584 214 788 1158)
4(307 215 789 881)
4(307 881 1157 583)
4(215 583 1157 789)
4(301 433 1007 875)
4(590 301 875 1164)
4(413 175 749 987)
4(175 514 1088 749)
4(481 231 805 1055)
4(231 480 1054 805)
4(577 299 873 1151)
4(299 602 1176 873)
4(419 993 1073 499)
4(282 499 1073 856)
4(498 1072 994 420)
4(498 283 857 1072)
4(320 894 1103 529)
4(240 529 1103 814)
4(288 221 795 862)
4(221 422 996 795)
4(288 862 996 422)
4(222 289 863 796)
4(423 222 796 997)
4(423 997 863 289)
4(210 305 879 784)
4(424 210 784 998)
4(424 998 879 305)
4(434 1008 915 341)
4(434 169 743 1008)
4(169 341 915 743)
4(397 660 1234 971)
4(603 1177 1234 660)
4(603 397 971 1177)
4(193 341 915 767)
4(355 193 767 929)
4(224 419 993 798)
4(499 224 798 1073)
4(420 225 799 994)
4(225 498 1072 799)
4(298 170 744 872)
4(298 872 1284 710)
4(170 710 1284 744)
4(631 175 749 1205)
4(631 1205 920 346)
4(175 346 920 749)
4(393 324 898 967)
4(393 967 1081 507)
4(323 394 968 897)
4(508 1082 968 394)
4(448 152 726 1022)
4(448 1022 870 296)
4(464 221 795 1038)
4(464 1038 862 288)
4(222 465 1039 796)
4(289 863 1039 465)
4(159 303 877 733)
4(400 159 733 974)
4(400 974 877 303)
4(221 312 886 795)
4(440 221 795 1014)
4(313 222 796 887)
4(222 441 1015 796)
4(535 175 749 1109)
4(535 1109 1205 631)
4(247 304 878 821)
4(658 1232 878 304)
4(658 247 821 1232)
4(248 427 1001 822)
4(628 1202 1001 427)
4(628 248 822 1202)
4(297 871 1005 431)
4(153 431 1005 727)
4(455 1029 954 380)
4(455 203 777 1029)
4(203 380 954 777)
4(392 60 115 966)
4(287 660 1234 861)
4(466 182 756 1040)
4(181 467 1041 755)
4(453 1027 923 349)
4(453 201 775 1027)
4(201 349 923 775)
4(471 187 761 1045)
4(187 672 1246 761)
4(408 982 1063 489)
4(408 176 750 982)
4(176 489 1063 750)
4(193 434 1008 767)
4(324 162 736 898)
4(324 898 964 390)
4(162 390 964 736)
4(686 1260 1058 484)
4(686 292 866 1260)
4(457 160 734 1031)
4(160 417 991 734)
4(367 941 1086 512)
4(367 239 813 941)
4(239 512 1086 813)
4(511 1085 940 366)
4(238 366 940 812)
4(511 238 812 1085)
4(336 910 1187 613)
4(336 160 734 910)
4(160 613 1187 734)
4(421 995 899 325)
4(169 325 899 743)
4(421 169 743 995)
4(273 336 910 847)
4(613 273 847 1187)
4(209 436 1010 783)
4(437 208 782 1011)
4(387 961 981 407)
4(387 237 811 961)
4(576 1150 888 314)
4(576 224 798 1150)
4(315 889 1149 575)
4(225 575 1149 799)
4(407 170 744 981)
4(345 919 1033 459)
4(345 243 817 919)
4(243 459 1033 817)
4(458 1032 918 344)
4(242 344 918 816)
4(458 242 816 1032)
4(194 458 1032 768)
4(459 195 769 1033)
4(320 185 759 894)
4(185 705 1279 759)
4(320 894 1279 705)
4(477 170 744 1051)
4(477 1051 872 298)
4(393 162 736 967)
4(161 394 968 735)
4(434 1008 922 348)
4(193 348 922 767)
4(442 217 791 1016)
4(442 1016 875 301)
4(706 1280 976 402)
4(706 317 891 1280)
4(453 1027 1260 686)
4(349 686 1260 923)
4(242 495 1069 816)
4(496 243 817 1070)
4(452 1026 946 372)
4(230 372 946 804)
4(452 230 804 1026)
4(319 186 760 893)
4(186 516 1090 760)
4(155 433 1007 729)
4(427 1001 965 391)
4(248 391 965 822)
4(442 1016 1201 627)
4(442 178 752 1016)
4(178 627 1201 752)
4(391 176 750 965)
4(176 427 1001 750)
4(572 1146 905 331)
4(572 208 782 1146)
4(208 331 905 782)
4(330 904 1147 573)
4(209 573 1147 783)
4(330 209 783 904)
4(167 308 882 741)
4(473 167 741 1047)
4(455 1029 1175 601)
4(380 601 1175 954)
4(374 948 1006 432)
4(197 432 1006 771)
4(374 197 771 948)
4(457 1031 1219 645)
4(457 204 778 1031)
4(204 645 1219 778)
4(381 955 1209 635)
4(202 635 1209 776)
4(159 474 1048 733)
4(303 877 1048 474)
4(247 574 1148 821)
4(304 878 1148 574)
4(687 272 846 1261)
4(272 457 1031 846)
4(305 879 1034 460)
4(210 460 1034 784)
4(452 1026 1121 547)
4(372 547 1121 946)
4(214 548 1122 788)
4(393 214 788 967)
4(393 967 1122 548)
4(549 215 789 1123)
4(215 394 968 789)
4(549 1123 968 394)
4(437 1011 130 45)
4(436 67 108 1010)
4(214 507 1081 788)
4(306 880 1081 507)
4(508 215 789 1082)
4(508 1082 881 307)
4(319 893 979 405)
4(319 230 804 893)
4(230 405 979 804)
4(386 960 961 387)
4(386 237 811 960)
4(432 229 803 1006)
4(432 1006 885 311)
4(206 386 960 780)
4(387 206 780 961)
4(424 57 118 998)
4(405 186 760 979)
4(477 1051 1066 492)
4(477 266 840 1051)
4(570 367 941 1144)
4(570 1144 1086 512)
4(366 569 1143 940)
4(511 1085 1143 569)
4(548 1122 977 403)
4(214 403 977 788)
4(404 978 1123 549)
4(404 215 789 978)
4(254 522 1096 828)
4(364 254 828 938)
4(364 938 1096 522)
4(523 255 829 1097)
4(255 363 937 829)
4(523 1097 937 363)
4(273 515 1089 847)
4(336 910 1089 515)
4(414 988 891 317)
4(427 269 843 1001)
4(269 628 1202 843)
4(298 454 1028 872)
4(395 298 872 969)
4(395 969 1028 454)
4(210 326 900 784)
4(572 1146 1231 657)
4(331 657 1231 905)
4(656 1230 1147 573)
4(656 330 904 1230)
4(481 1055 887 313)
4(180 313 887 754)
4(481 180 754 1055)
4(316 191 765 890)
4(191 460 1034 765)
4(316 890 1034 460)
4(313 231 805 887)
4(308 882 1035 461)
4(167 461 1035 741)
4(27 584 1158 148)
4(583 85 90 1157)
4(461 219 793 1035)
4(399 214 788 973)
4(399 973 1158 584)
4(215 398 972 789)
4(583 1157 972 398)
4(168 475 1049 742)
4(550 55 120 1124)
4(55 347 921 120)
4(550 1124 921 347)
4(556 169 743 1130)
4(556 1130 1008 434)
4(321 211 785 895)
4(321 895 1023 449)
4(211 449 1023 785)
4(406 229 803 980)
4(229 327 901 803)
4(406 980 901 327)
4(597 1171 896 322)
4(597 232 806 1171)
4(261 408 982 835)
4(489 261 835 1063)
4(358 208 782 932)
4(209 359 933 783)
4(436 1010 904 330)
4(331 905 1011 437)
4(572 1146 128 47)
4(657 47 128 1231)
4(65 110 1147 573)
4(65 656 1230 110)
4(313 887 1039 465)
4(180 465 1039 754)
4(312 886 1038 464)
4(675 194 768 1249)
4(194 328 902 768)
4(675 1249 902 328)
4(329 195 769 903)
4(195 676 1250 769)
4(329 903 1250 676)
4(438 1012 1249 675)
4(339 675 1249 913)
4(438 339 913 1012)
4(676 1250 1013 439)
4(676 340 914 1250)
4(340 439 1013 914)
4(386 960 1000 426)
4(386 156 730 960)
4(156 426 1000 730)
4(692 1266 955 381)
4(692 318 892 1266)
4(371 945 1007 433)
4(371 234 808 945)
4(426 237 811 1000)
4(381 168 742 955)
4(168 692 1266 742)
4(413 987 895 321)
4(413 211 785 987)
4(529 185 759 1103)
4(642 1216 901 327)
4(642 161 735 1216)
4(68 576 1150 107)
4(575 44 131 1149)
4(155 371 945 729)
4(185 368 942 759)
4(705 1279 942 368)
4(402 174 748 976)
4(174 706 1280 748)
4(581 195 769 1155)
4(581 1155 903 329)
4(454 1028 1284 710)
4(438 1012 786 212)
4(675 212 786 1249)
4(213 787 1013 439)
4(213 676 1250 787)
4(590 1164 928 354)
4(266 354 928 840)
4(230 312 886 804)
4(589 1163 886 312)
4(589 230 804 1163)
4(354 178 752 928)
4(178 590 1164 752)
4(230 490 1064 804)
4(491 231 805 1065)
4(378 79 96 952)
4(378 952 95 80)
4(377 951 142 33)
4(377 32 143 951)
4(325 207 781 899)
4(207 421 995 781)
4(254 334 908 828)
4(522 1096 908 334)
4(335 255 829 909)
4(335 909 1097 523)
4(669 1243 949 375)
4(669 200 774 1243)
4(200 375 949 774)
4(375 304 878 949)
4(304 669 1243 878)
4(667 1241 910 336)
4(667 160 734 1241)
4(456 191 765 1030)
4(456 1030 890 316)
4(370 944 980 406)
4(232 603 1177 806)
4(400 974 1177 603)
4(339 194 768 913)
4(195 340 914 769)
4(174 396 970 748)
4(497 174 748 1071)
4(551 1125 892 318)
4(551 202 776 1125)
4(406 171 745 980)
4(171 370 944 745)
4(310 457 1031 884)
4(645 310 884 1219)
4(274 442 1016 848)
4(627 274 848 1201)
4(670 72 103 1244)
4(72 350 924 103)
4(670 1244 924 350)
4(40 671 1245 135)
4(351 40 135 925)
4(351 925 1245 671)
4(255 324 898 829)
4(534 255 829 1108)
4(534 1108 898 324)
4(382 30 145 956)
4(382 956 144 31)
4(383 957 93 82)
4(383 81 94 957)
4(279 381 955 853)
4(635 279 853 1209)
4(529 1103 1182 608)
4(529 296 870 1103)
4(296 608 1182 870)
4(342 916 1227 653)
4(342 253 827 916)
4(253 653 1227 827)
4(254 580 1154 828)
4(334 908 1154 580)
4(579 255 829 1153)
4(579 1153 909 335)
4(417 991 1114 540)
4(261 540 1114 835)
4(417 261 835 991)
4(237 631 1205 811)
4(392 966 1155 581)
4(151 321 895 725)
4(449 151 725 1023)
4(563 1137 963 389)
4(265 389 963 839)
4(563 265 839 1137)
4(321 895 1028 454)
4(151 454 1028 725)
4(212 469 1043 786)
4(356 930 1043 469)
4(356 212 786 930)
4(321 218 792 895)
4(218 468 1042 792)
4(321 895 1042 468)
4(323 897 1154 580)
4(189 580 1154 763)
4(579 1153 898 324)
4(579 190 764 1153)
4(454 218 792 1028)
4(444 1018 89 86)
4(443 26 149 1017)
4(155 525 1099 729)
4(357 155 729 931)
4(357 931 1099 525)
4(658 1232 949 375)
4(430 1004 902 328)
4(430 173 747 1004)
4(172 322 896 746)
4(462 172 746 1036)
4(328 902 1229 655)
4(539 76 99 1113)
4(539 1113 98 77)
4(538 1112 139 36)
4(538 35 140 1112)
4(341 915 1053 479)
4(169 479 1053 743)
4(479 233 807 1053)
4(472 1046 121 54)
4(472 53 122 1046)
4(490 1064 893 319)
4(491 1065 894 320)
4(235 453 1027 809)
4(686 235 809 1260)
4(600 207 781 1174)
4(600 1174 899 325)
4(242 816 1267 693)
4(458 693 1267 1032)
4(694 1268 817 243)
4(694 459 1033 1268)
4(654 1228 896 322)
4(654 196 770 1228)
4(325 899 1130 556)
4(670 1244 104 71)
4(671 41 134 1245)
4(550 54 121 1124)
4(172 597 1171 746)
4(640 76 99 1214)
4(640 1214 1113 539)
4(36 639 1213 139)
4(538 1112 1213 639)
4(365 939 1208 634)
4(365 278 852 939)
4(278 634 1208 852)
4(201 365 939 775)
4(634 201 775 1208)
4(710 1284 981 407)
4(376 950 1238 664)
4(199 664 1238 773)
4(376 199 773 950)
4(242 816 985 411)
4(693 411 985 1267)
4(410 984 817 243)
4(410 694 1268 984)
4(425 999 1009 435)
4(425 253 827 999)
4(253 435 1009 827)
4(423 997 952 378)
4(423 79 96 997)
4(377 951 996 422)
4(33 422 996 142)
4(295 376 950 869)
4(664 295 869 1238)
4(354 928 1051 477)
4(560 1134 1125 551)
4(560 246 820 1134)
4(246 551 1125 820)
4(633 374 948 1207)
4(633 1207 1006 432)
4(75 640 1214 100)
4(384 75 100 958)
4(384 958 1214 640)
4(639 37 138 1213)
4(37 385 959 138)
4(639 1213 959 385)
4(476 1050 1223 649)
4(476 336 910 1050)
4(336 649 1223 910)
4(476 1050 779 205)
4(649 205 779 1223)
4(325 236 810 899)
4(236 487 1061 810)
4(325 899 1061 487)
4(389 179 753 963)
4(179 563 1137 753)
4(556 236 810 1130)
4(435 177 751 1009)
4(435 1009 1269 695)
4(405 979 1104 530)
4(405 269 843 979)
4(269 530 1104 843)
4(674 703 1277 1248)
4(703 280 854 1277)
4(674 1248 854 280)
4(530 186 760 1104)
4(318 560 1134 892)
4(636 235 809 1210)
4(235 379 953 809)
4(636 1210 953 379)
4(463 1037 1271 697)
4(463 360 934 1037)
4(360 697 1271 934)
4(352 166 740 926)
4(166 410 984 740)
4(165 353 927 739)
4(411 165 739 985)
4(646 1220 900 326)
4(646 250 824 1220)
4(226 425 999 800)
4(435 226 800 1009)
4(229 642 1216 803)
4(472 1046 1124 550)
4(674 371 945 1248)
4(371 703 1277 945)
4(638 1212 969 395)
4(638 298 872 1212)
4(207 638 1212 781)
4(395 207 781 969)
4(469 1043 1102 528)
4(212 528 1102 786)
4(463 1037 727 153)
4(697 153 727 1271)
4(428 1002 916 342)
4(154 342 916 728)
4(388 962 1029 455)
4(388 203 777 962)
4(455 244 818 1029)
4(244 388 962 818)
4(159 603 1177 733)
4(660 159 733 1234)
4(494 1068 922 348)
4(236 348 922 810)
4(494 236 810 1068)
4(662 1236 956 382)
4(662 30 145 1236)
4(383 957 1237 663)
4(82 663 1237 93)
4(348 158 732 922)
4(158 494 1068 732)
4(51 451 1025 124)
4(456 1030 935 361)
4(259 361 935 833)
4(456 259 833 1030)
4(667 1241 1050 476)
4(361 191 765 935)
4(445 1019 944 370)
4(445 216 790 1019)
4(165 339 913 739)
4(438 165 739 1012)
4(340 166 740 914)
4(166 439 1013 740)
4(515 1089 1215 641)
4(273 641 1215 847)
4(545 225 799 1119)
4(545 1119 927 353)
4(224 546 1120 798)
4(352 926 1120 546)
4(428 1002 1227 653)
4(363 937 1108 534)
4(200 363 937 774)
4(534 200 774 1108)
4(612 1186 1024 450)
4(612 327 901 1186)
4(631 1205 1000 426)
4(702 204 778 1276)
4(702 1276 1031 457)
4(650 504 1078 1224)
4(650 1224 1274 700)
4(504 700 1274 1078)
4(199 612 1186 773)
4(450 199 773 1024)
4(236 434 1008 810)
4(376 171 745 950)
4(376 950 980 406)
4(58 646 1220 117)
4(540 211 785 1114)
4(211 417 991 785)
4(346 920 1042 468)
4(175 468 1042 749)
4(609 1183 1090 516)
4(297 516 1090 871)
4(609 297 871 1183)
4(708 1282 982 408)
4(708 176 750 1282)
4(499 1073 911 337)
4(499 181 755 1073)
4(338 912 1072 498)
4(182 498 1072 756)
4(674 234 808 1248)
4(429 1003 936 362)
4(223 362 936 797)
4(429 223 797 1003)
4(419 993 1150 576)
4(575 1149 994 420)
4(224 337 911 798)
4(546 1120 911 337)
4(338 225 799 912)
4(338 912 1119 545)
4(432 1006 943 369)
4(362 172 746 936)
4(172 429 1003 746)
4(366 940 1126 552)
4(238 552 1126 812)
4(553 1127 941 367)
4(553 239 813 1127)
4(369 229 803 943)
4(374 948 1022 448)
4(374 152 726 948)
4(221 377 951 795)
4(378 222 796 952)
4(536 1110 942 368)
4(256 368 942 830)
4(536 256 830 1110)
4(185 536 1110 759)
4(692 226 800 1266)
4(226 560 1134 800)
4(692 1266 1134 560)
4(471 1045 1132 558)
4(471 216 790 1045)
4(216 558 1132 790)
4(458 1032 913 339)
4(340 914 1033 459)
4(650 291 865 1224)
4(425 999 1266 692)
4(525 1099 988 414)
4(227 350 924 801)
4(614 1188 924 350)
4(614 227 801 1188)
4(351 228 802 925)
4(351 925 1189 615)
4(228 615 1189 802)
4(713 440 1014 1287)
4(163 713 1287 737)
4(441 714 1288 1015)
4(714 164 738 1288)
4(366 440 1014 940)
4(713 366 940 1287)
4(441 367 941 1015)
4(367 714 1288 941)
4(453 1027 1210 636)
4(177 659 1233 751)
4(601 177 751 1175)
4(601 1175 1233 659)
4(608 185 759 1182)
4(521 155 729 1095)
4(521 1095 931 357)
4(382 276 850 956)
4(276 662 1236 850)
4(277 383 957 851)
4(663 277 851 1237)
4(558 302 876 1132)
4(302 471 1045 876)
4(374 948 1062 488)
4(374 240 814 948)
4(240 488 1062 814)
4(448 1022 1103 529)
4(493 1067 995 421)
4(493 169 743 1067)
4(247 343 917 821)
4(506 247 821 1080)
4(506 1080 917 343)
4(561 303 877 1135)
4(303 721 1295 877)
4(329 497 1071 903)
4(581 1155 1071 497)
4(398 83 92 972)
4(398 972 91 84)
4(399 973 146 29)
4(399 28 147 973)
4(220 524 1098 794)
4(428 220 794 1002)
4(177 483 1057 751)
4(659 1233 1057 483)
4(165 693 1267 739)
4(339 913 1267 693)
4(694 166 740 1268)
4(694 1268 914 340)
4(484 235 809 1058)
4(354 928 1174 600)
4(354 207 781 928)
4(198 567 1141 772)
4(650 1224 1141 567)
4(650 198 772 1224)
4(252 611 1185 826)
4(337 911 1185 611)
4(610 251 825 1184)
4(610 1184 912 338)
4(198 360 934 772)
4(567 1141 934 360)
4(342 233 807 916)
4(342 916 1057 483)
4(233 483 1057 807)
4(384 958 1173 599)
4(384 264 838 958)
4(264 599 1173 838)
4(371 945 1095 521)
4(599 201 775 1173)
4(201 384 958 775)
4(600 178 752 1174)
4(390 964 1156 582)
4(390 263 837 964)
4(263 582 1156 837)
4(493 1067 1029 455)
4(493 244 818 1067)
4(455 271 845 1029)
4(271 493 1067 845)
4(350 924 1041 467)
4(466 1040 925 351)
4(621 1195 916 342)
4(621 253 827 1195)
4(531 258 832 1105)
4(258 402 976 832)
4(531 1105 976 402)
4(589 1163 1038 464)
4(565 1139 1133 559)
4(361 559 1133 935)
4(565 361 935 1139)
4(534 1108 964 390)
4(171 445 1019 745)
4(413 987 1261 687)
4(464 179 753 1038)
4(179 589 1163 753)
4(469 154 728 1043)
4(365 939 1027 453)
4(223 360 934 797)
4(463 223 797 1037)
4(423 78 97 997)
4(422 996 141 34)
4(582 200 774 1156)
4(200 390 964 774)
4(568 1142 1115 541)
4(568 245 819 1142)
4(245 541 1115 819)
4(514 682 1256 1088)
4(702 1276 1256 682)
4(702 514 1088 1276)
4(448 240 814 1022)
4(342 916 1116 542)
4(154 542 1116 728)
4(442 1016 1105 531)
4(274 531 1105 848)
4(680 1254 1154 580)
4(680 334 908 1254)
4(579 1153 1253 679)
4(335 679 1253 909)
4(452 1026 979 405)
4(452 269 843 1026)
4(333 568 1142 907)
4(541 333 907 1115)
4(652 281 855 1226)
4(281 561 1135 855)
4(198 470 1044 772)
4(360 934 1044 470)
4(343 196 770 917)
4(343 917 1289 715)
4(196 715 1289 770)
4(531 217 791 1105)
4(642 1216 943 369)
4(409 983 999 425)
4(409 253 827 983)
4(632 1206 1056 482)
4(206 482 1056 780)
4(632 206 780 1206)
4(557 1131 917 343)
4(389 963 1242 668)
4(265 668 1242 839)
4(247 557 1131 821)
4(249 565 1139 823)
4(559 249 823 1133)
4(632 1206 1248 674)
4(482 674 1248 1056)
4(716 1290 977 403)
4(716 183 757 1290)
4(404 978 1291 717)
4(184 717 1291 758)
4(359 933 1070 496)
4(359 243 817 933)
4(495 1069 932 358)
4(242 358 932 816)
4(249 347 921 823)
4(565 1139 921 347)
4(585 1159 922 348)
4(585 158 732 1159)
4(365 167 741 939)
4(365 939 1047 473)
4(567 332 906 1141)
4(332 650 1224 906)
4(157 452 1026 731)
4(547 157 731 1121)
4(55 544 1118 120)
4(347 921 1118 544)
4(665 1239 930 356)
4(665 212 786 1239)
4(49 495 1069 126)
4(496 63 112 1070)
4(249 550 1124 823)
4(72 614 1188 103)
4(615 40 135 1189)
4(430 1004 1229 655)
4(710 218 792 1284)
4(597 1171 936 362)
4(193 554 1128 767)
4(348 922 1128 554)
4(451 270 844 1025)
4(270 655 1229 844)
4(403 648 1222 977)
4(716 1290 1222 648)
4(647 404 978 1221)
4(647 1221 1291 717)
4(349 923 1173 599)
4(186 609 1183 760)
4(516 1090 1005 431)
4(475 1049 955 381)
4(514 293 867 1088)
4(293 682 1256 867)
4(478 1052 1068 494)
4(478 274 848 1052)
4(274 494 1068 848)
4(502 1076 951 377)
4(502 32 143 1076)
4(378 952 1075 501)
4(80 501 1075 95)
4(526 1100 1259 685)
4(526 258 832 1100)
4(258 685 1259 832)
4(158 478 1052 732)
4(238 502 1076 812)
4(377 238 812 951)
4(501 239 813 1075)
4(239 378 952 813)
4(372 946 1163 589)
4(361 173 747 935)
4(173 559 1133 747)
4(357 252 826 931)
4(357 931 1191 617)
4(252 617 1191 826)
4(638 1212 928 354)
4(546 166 740 1120)
4(165 545 1119 739)
4(386 960 1170 596)
4(206 596 1170 780)
4(382 956 1076 502)
4(31 502 1076 144)
4(501 1075 957 383)
4(501 81 94 1075)
4(285 719 1293 859)
4(444 285 859 1018)
4(444 1018 1293 719)
4(718 286 860 1292)
4(286 443 1017 860)
4(718 1292 1017 443)
4(425 168 742 999)
4(419 69 106 993)
4(420 994 132 43)
4(238 382 956 812)
4(383 239 813 957)
4(154 355 929 728)
4(408 294 868 982)
4(294 708 1282 868)
4(719 1293 1254 680)
4(285 680 1254 859)
4(679 1253 1292 718)
4(679 286 860 1253)
4(251 356 930 825)
4(524 251 825 1098)
4(442 1016 1164 590)
4(361 935 1169 595)
4(259 595 1169 833)
4(478 1052 1105 531)
4(478 258 832 1052)
4(480 1054 1279 705)
4(231 705 1279 805)
4(368 480 1054 942)
4(595 173 747 1169)
4(373 947 1107 533)
4(373 171 745 947)
4(171 533 1107 745)
4(151 395 969 725)
4(449 1023 1114 540)
4(451 1025 123 52)
4(528 262 836 1102)
4(262 469 1043 836)
4(440 1014 1126 552)
4(553 1127 1015 441)
4(245 373 947 819)
4(533 245 819 1107)
4(359 933 1179 605)
4(604 1178 932 358)
4(242 604 1178 816)
4(605 243 817 1179)
4(189 680 1254 763)
4(679 190 764 1253)
4(256 566 1140 830)
4(368 942 1140 566)
4(154 707 1281 728)
4(355 929 1281 707)
4(251 665 1239 825)
4(666 1240 931 357)
4(666 252 826 1240)
4(586 193 767 1160)
4(586 1160 929 355)
4(363 937 1243 669)
4(375 172 746 949)
4(172 658 1232 746)
4(397 232 806 971)
4(232 571 1145 806)
4(397 971 1145 571)
4(241 431 1005 815)
4(470 1044 1005 431)
4(470 241 815 1044)
4(460 1034 1270 696)
4(191 696 1270 765)
4(223 723 1297 797)
4(362 936 1297 723)
4(636 167 741 1210)
4(636 1210 939 365)
4(226 606 1180 800)
4(412 986 1180 606)
4(412 226 800 986)
4(223 567 1141 797)
4(383 957 1291 717)
4(277 717 1291 851)
4(716 1290 956 382)
4(716 276 850 1290)
4(484 1058 960 386)
4(364 938 773 199)
4(364 664 1238 938)
4(530 1104 1001 427)
4(594 1168 938 364)
4(199 594 1168 773)
4(662 1236 973 399)
4(276 399 973 850)
4(398 972 1237 663)
4(398 277 851 972)
4(468 1042 987 413)
4(643 278 852 1217)
4(643 1217 939 365)
4(565 191 765 1139)
4(316 526 1100 890)
4(685 316 890 1259)
4(720 171 745 1294)
4(720 1294 947 373)
4(372 246 820 946)
4(246 547 1121 820)
4(391 203 777 965)
4(203 518 1092 777)
4(391 965 1092 518)
4(663 83 92 1237)
4(29 662 1236 146)
4(623 1197 964 390)
4(623 263 837 1197)
4(519 75 100 1093)
4(519 1093 958 384)
4(37 520 1094 138)
4(385 959 1094 520)
4(379 953 1170 596)
4(235 596 1170 809)
4(601 271 845 1175)
4(446 1020 1188 614)
4(446 227 801 1020)
4(228 447 1021 802)
4(615 1189 1021 447)
4(678 1252 1245 671)
4(678 351 925 1252)
4(670 1244 1251 677)
4(350 677 1251 924)
4(551 1125 1242 668)
4(551 389 963 1125)
4(683 1257 982 408)
4(683 294 868 1257)
4(668 202 776 1242)
4(421 244 818 995)
4(654 1228 974 400)
4(205 408 982 779)
4(476 1050 982 408)
4(205 683 1257 779)
4(382 956 1085 511)
4(512 1086 957 383)
4(543 258 832 1117)
4(661 246 820 1235)
4(661 1235 946 372)
4(373 947 1142 568)
4(514 1088 1109 535)
4(533 1107 950 376)
4(535 293 867 1109)
4(568 1142 1226 652)
4(333 652 1226 907)
4(377 951 1126 552)
4(221 552 1126 795)
4(553 1127 952 378)
4(553 222 796 1127)
4(517 1091 962 388)
4(517 151 725 1091)
4(151 388 962 725)
4(681 172 746 1255)
4(681 1255 949 375)
4(192 373 947 766)
4(568 192 766 1142)
4(373 947 1162 588)
4(192 588 1162 766)
4(244 517 1091 818)
4(162 623 1197 736)
4(375 949 1156 582)
4(203 537 1111 777)
4(380 954 1111 537)
4(424 998 1181 607)
4(305 607 1181 879)
4(585 1159 1030 456)
4(585 259 833 1159)
4(412 246 820 986)
4(412 986 1134 560)
4(709 1283 954 380)
4(709 284 858 1283)
4(178 487 1061 752)
4(627 1201 1061 487)
4(234 482 1056 808)
4(391 965 1111 537)
4(248 537 1111 822)
4(628 1202 1026 452)
4(527 1101 966 392)
4(527 60 115 1101)
4(399 973 1222 648)
4(276 648 1222 850)
4(647 1221 972 398)
4(647 277 851 1221)
4(518 1092 962 388)
4(712 1286 997 423)
4(712 78 97 1286)
4(422 996 1285 711)
4(34 711 1285 141)
4(668 1242 959 385)
4(265 385 959 839)
4(376 950 1296 722)
4(295 722 1296 869)
4(385 202 776 959)
4(612 1186 950 376)
4(666 1240 1099 525)
4(463 1037 1176 602)
4(583 84 91 1157)
4(584 1158 147 28)
4(213 666 1240 787)
4(525 213 787 1099)
4(283 678 1252 857)
4(677 282 856 1251)
4(575 43 132 1149)
4(576 1150 106 69)
4(648 214 788 1222)
4(215 647 1221 789)
4(548 162 736 1122)
4(640 264 838 1214)
4(265 639 1213 839)
4(226 695 1269 800)
4(606 1180 1269 695)
4(279 616 1190 853)
4(381 955 1190 616)
4(384 958 1208 634)
4(635 1209 959 385)
4(261 476 1050 835)
4(521 1095 1277 703)
4(219 703 1277 793)
4(521 219 793 1095)
4(395 969 1091 517)
4(392 250 824 966)
4(250 527 1101 824)
4(696 305 879 1270)
4(581 250 824 1155)
4(513 1087 1202 628)
4(513 248 822 1087)
4(530 1104 1282 708)
4(427 708 1282 1001)
4(317 525 1099 891)
4(438 1012 1239 665)
4(666 1240 1013 439)
4(246 389 963 820)
4(574 1148 1080 506)
4(389 963 1235 661)
4(260 449 1023 834)
4(540 260 834 1114)
4(558 1132 1172 598)
4(257 598 1172 831)
4(558 257 831 1132)
4(456 684 1258 1030)
4(585 1159 1258 684)
4(402 976 1117 543)
4(543 174 748 1117)
4(613 1187 1031 457)
4(310 613 1187 884)
4(151 587 1161 725)
4(388 962 1161 587)
4(558 1132 1019 445)
4(232 637 1211 806)
4(571 1145 1211 637)
4(661 179 753 1235)
4(711 288 862 1285)
4(289 712 1286 863)
4(275 463 1037 849)
4(602 275 849 1176)
4(644 1218 965 391)
4(644 176 750 1218)
4(687 211 785 1261)
4(487 1061 1174 600)
4(700 198 772 1274)
4(484 1058 1170 596)
4(527 1101 1220 646)
4(198 562 1136 772)
4(470 1044 1136 562)
4(615 39 136 1189)
4(614 1188 102 73)
4(540 1114 1063 489)
4(632 1206 1170 596)
4(632 379 953 1206)
4(286 618 1192 860)
4(591 286 860 1165)
4(591 1165 1192 618)
4(619 285 859 1193)
4(285 592 1166 859)
4(619 1193 1166 592)
4(626 207 781 1200)
4(626 1200 969 395)
4(524 1098 990 416)
4(527 59 116 1101)
4(263 429 1003 837)
4(681 263 837 1255)
4(681 1255 1003 429)
4(646 1220 116 59)
4(520 1094 137 38)
4(519 74 101 1093)
4(616 1190 1021 447)
4(279 447 1021 853)
4(228 616 1190 802)
4(188 515 1089 762)
4(691 73 102 1265)
4(691 1265 101 74)
4(690 1264 136 39)
4(690 38 137 1264)
4(598 302 876 1172)
4(571 188 762 1145)
4(565 1139 1270 696)
4(347 696 1270 921)
4(564 1138 1039 465)
4(564 289 863 1138)
4(464 1038 1137 563)
4(288 563 1137 862)
4(180 564 1138 754)
4(406 980 1186 612)
4(486 1060 1062 488)
4(486 267 841 1060)
4(625 1199 1089 515)
4(299 515 1089 873)
4(625 299 873 1199)
4(2 656 1230 4)
4(657 1 5 1231)
4(626 1200 995 421)
4(626 244 818 1200)
4(570 1144 1288 714)
4(570 267 841 1144)
4(267 714 1288 841)
4(713 1287 1143 569)
4(268 569 1143 842)
4(713 268 842 1287)
4(547 1121 986 412)
4(447 39 136 1021)
4(73 446 1020 102)
4(291 548 1122 865)
4(493 1067 1053 479)
4(271 479 1053 845)
4(656 1230 109 66)
4(46 129 1231 657)
4(525 1099 1278 704)
4(317 704 1278 891)
4(593 1167 1003 429)
4(593 223 797 1167)
4(263 593 1167 837)
4(418 992 1160 586)
4(418 193 767 992)
4(262 418 992 836)
4(586 262 836 1160)
4(554 1128 992 418)
4(544 1118 119 56)
4(512 1086 1291 717)
4(716 1290 1085 511)
4(622 1196 1045 471)
4(622 187 761 1196)
4(157 628 1202 731)
4(418 259 833 992)
4(259 554 1128 833)
4(589 1163 1235 661)
4(188 625 1199 762)
4(302 622 1196 876)
4(597 1171 1211 637)
4(362 637 1211 936)
4(636 1210 1272 698)
4(379 698 1272 953)
4(658 1232 1036 462)
4(491 1065 1279 705)
4(497 1071 1280 706)
4(329 706 1280 903)
4(682 204 778 1256)
4(412 157 731 986)
4(184 570 1144 758)
4(512 184 758 1086)
4(569 183 757 1143)
4(183 511 1085 757)
4(606 157 731 1180)
4(446 1020 1265 691)
4(690 1264 1021 447)
4(621 1195 1057 483)
4(698 167 741 1272)
4(466 1040 1252 678)
4(677 1251 1041 467)
4(431 697 1271 1005)
4(470 1044 1271 697)
4(446 1020 1217 643)
4(446 278 852 1020)
4(643 227 801 1217)
4(303 654 1228 877)
4(220 653 1227 794)
4(409 983 1227 653)
4(631 256 830 1205)
4(256 535 1109 830)
4(415 989 1191 617)
4(219 617 1191 793)
4(445 1019 1294 720)
4(474 257 831 1048)
4(474 1048 1162 588)
4(257 588 1162 831)
4(528 1102 1249 675)
4(426 1000 1140 566)
4(156 566 1140 730)
4(538 1112 1137 563)
4(538 265 839 1112)
4(564 1138 1113 539)
4(264 539 1113 838)
4(564 264 838 1138)
4(288 538 1112 862)
4(539 289 863 1113)
4(249 472 1046 823)
4(526 1100 1034 460)
4(562 1136 1274 700)
4(621 1195 1009 435)
4(621 177 751 1195)
4(438 251 825 1012)
4(438 1012 1184 610)
4(252 439 1013 826)
4(611 1185 1013 439)
4(256 426 1000 830)
4(480 1054 1140 566)
4(559 1133 1004 430)
4(595 1169 992 418)
4(620 262 836 1194)
4(624 52 123 1198)
4(624 1198 122 53)
4(704 213 787 1278)
4(677 1251 1073 499)
4(677 181 755 1251)
4(498 1072 1252 678)
4(182 678 1252 756)
4(624 1198 1025 451)
4(624 270 844 1198)
4(272 702 1276 846)
4(607 1181 118 57)
4(607 56 119 1181)
4(659 271 845 1233)
4(577 1151 1257 683)
4(297 683 1257 871)
4(682 1256 1152 578)
4(682 296 870 1256)
4(582 1156 1255 681)
4(418 992 1194 620)
4(598 1172 1048 474)
4(521 1095 1191 617)
4(445 257 831 1019)
4(500 1074 1289 715)
4(500 343 917 1074)
4(607 1181 1118 544)
4(305 544 1118 879)
4(609 1183 1104 530)
4(530 294 868 1104)
4(294 609 1183 868)
4(644 1218 1092 518)
4(608 1182 1110 536)
4(293 536 1110 867)
4(608 293 867 1182)
4(667 1241 991 417)
4(667 261 835 1241)
4(712 77 98 1286)
4(711 1285 140 35)
4(623 1197 1167 593)
4(623 332 906 1197)
4(332 593 1167 906)
4(475 1049 1190 616)
4(629 86 89 1203)
4(629 1203 88 87)
4(630 1204 149 26)
4(630 25 150 1204)
4(685 1259 1052 478)
4(562 241 815 1136)
4(430 270 844 1004)
4(270 673 1247 844)
4(430 1004 1247 673)
4(555 287 861 1129)
4(555 1129 1215 641)
4(517 1091 1200 626)
4(504 1078 1143 569)
4(570 1144 1077 503)
4(268 504 1078 842)
4(643 1217 1047 473)
4(689 1263 108 67)
4(689 66 109 1263)
4(688 45 130 1262)
4(688 1262 129 46)
4(247 462 1036 821)
4(587 1161 1023 449)
4(245 505 1079 819)
4(541 1115 1079 505)
4(260 587 1161 834)
4(701 1275 1197 623)
4(701 332 906 1275)
4(485 1059 1136 562)
4(489 260 834 1063)
4(610 165 739 1184)
4(166 611 1185 740)
4(707 1281 1043 469)
4(463 1037 1297 723)
4(275 723 1297 849)
4(689 1263 1010 436)
4(437 1011 1262 688)
4(709 1283 1111 537)
4(630 1204 1017 443)
4(444 1018 1203 629)
4(286 630 1204 860)
4(629 285 859 1203)
4(536 1110 1109 535)
4(585 1159 1128 554)
4(461 1035 1272 698)
4(330 689 1263 904)
4(688 331 905 1262)
4(280 461 1035 854)
4(698 280 854 1272)
4(652 1226 1084 510)
4(333 510 1084 907)
4(637 275 849 1211)
4(275 571 1145 849)
4(268 485 1059 842)
4(562 268 842 1136)
4(718 1292 1081 507)
4(718 306 880 1292)
4(508 1082 1293 719)
4(307 719 1293 881)
4(513 1087 1180 606)
4(513 157 731 1087)
4(262 707 1281 836)
4(190 718 1292 764)
4(719 189 763 1293)
4(461 1035 1277 703)
4(489 1063 1218 644)
4(624 1198 1046 472)
4(159 598 1172 733)
4(205 577 1151 779)
4(578 204 778 1152)
4(518 260 834 1092)
4(260 644 1218 834)
4(724 1298 1055 481)
4(724 180 754 1298)
4(292 724 1298 866)
4(162 701 1275 736)
4(638 1212 1051 477)
4(518 1092 1161 587)
4(236 627 1201 810)
4(533 1107 1296 722)
4(691 278 852 1265)
4(279 690 1264 853)
4(622 1196 1234 660)
4(302 660 1234 876)
4(627 1201 1068 494)
4(721 474 1048 1295)
4(721 1295 1162 588)
4(479 1053 1233 659)
4(659 233 807 1233)
4(701 1275 1122 548)
4(472 270 844 1046)
4(720 257 831 1294)
4(316 684 1258 890)
4(472 1046 1247 673)
4(249 673 1247 823)
4(664 1238 1083 509)
4(364 509 1083 938)
4(505 1079 1296 722)
4(245 722 1296 819)
4(295 505 1079 869)
4(610 1184 1119 545)
4(546 1120 1185 611)
4(699 264 838 1273)
4(699 1273 1138 564)
4(606 284 858 1180)
4(284 513 1087 858)
4(649 1223 1089 515)
4(654 1228 1135 561)
4(561 196 770 1135)
4(555 1129 1196 622)
4(555 187 761 1129)
4(622 287 861 1196)
4(599 1173 1273 699)
4(544 1118 1270 696)
4(280 632 1206 854)
4(158 685 1259 732)
4(519 1093 1208 634)
4(635 1209 1094 520)
4(278 519 1093 852)
4(520 279 853 1094)
4(608 1182 1256 682)
4(683 1257 1183 609)
4(645 1219 1152 578)
4(300 645 1219 874)
4(485 1059 1287 713)
4(714 1288 1060 486)
4(577 1151 1223 649)
4(649 299 873 1223)
4(593 1167 1141 567)
4(510 281 855 1084)
4(715 281 855 1289)
4(281 500 1074 855)
4(651 1225 1246 672)
4(651 310 884 1225)
4(310 672 1246 884)
4(187 651 1225 761)
4(291 701 1275 865)
4(660 1234 1172 598)
4(509 295 869 1083)
4(707 1281 1160 586)
4(680 1254 1193 619)
4(618 1192 1253 679)
4(268 700 1274 842)
4(539 1113 1286 712)
4(711 1285 1112 538)
4(619 334 908 1193)
4(335 618 1192 909)
4(532 1106 1243 669)
4(532 363 937 1106)
4(559 1133 1247 673)
4(651 1225 1129 555)
4(691 1265 1093 519)
4(520 1094 1264 690)
4(709 1283 1087 513)
4(709 248 822 1283)
4(723 1297 1211 637)
4(613 1187 1225 651)
4(651 273 847 1225)
4(602 1176 1199 625)
4(571 1145 1199 625)
4(275 625 1199 849)
4(595 1169 1194 620)
4(304 532 1106 878)
4(273 555 1129 847)
4(656 1230 1263 689)
4(688 1262 1231 657)
4(592 1166 1203 629)
4(630 1204 1165 591)
4(87 592 1166 88)
4(591 25 150 1165)
4(588 1162 1294 720)
4(724 1298 1260 686)
4(349 724 1298 923)
4(650 1224 1275 701)
4(698 1272 1206 632)
4(561 1135 1289 715)
4(684 158 732 1258)
4(672 1246 1219 645)
4(699 1273 1298 724)
4(699 180 754 1273)
4(349 699 1273 923)
4(676 1250 1278 704)
4(704 329 903 1278)
4(685 1259 1258 684)
4(704 1278 1280 706)
3(869 295 11)
3(855 281 15)
3(304 19 878)
3(364 10 9)
3(363 21 20)
3(343 17 16)
3(333 14 13)
3(334 8 7)
3(335 23 22)
3(505 12 11)
3(500 16 15)
3(541 13 12)
3(619 7 6)
3(618 24 23)
3(510 15 14)
3(24 591 0)
3(592 6 3)
3(574 19 18)
3(509 11 10)
3(506 18 17)
3(532 20 19)
3(522 9 8)
3(523 22 21)
3(341 355 542)
3(341 542 233)
3(369 549 290)
3(369 161 549)
3(284 380 177)
3(503 488 197)
3(314 352 224)
3(353 315 225)
3(292 484 156)
3(407 346 237)
3(346 407 218)
3(486 320 240)
3(319 485 241)
3(337 415 181)
3(416 338 182)
3(415 337 252)
3(338 416 251)
3(451 344 194)
3(387 492 170)
3(369 290 197)
3(482 492 387)
3(672 471 300)
3(409 309 168)
3(311 401 216)
3(309 409 220)
3(323 450 594)
3(450 323 161)
3(296 578 152)
3(577 297 153)
3(467 308 227)
3(290 503 197)
3(64 63 573)
3(572 49 48)
3(326 396 250)
3(492 433 266)
3(352 314 209)
3(315 353 208)
3(318 381 202)
3(328 528 620)
3(633 401 311)
3(356 428 154)
3(415 308 181)
3(309 416 182)
3(308 415 219)
3(416 309 220)
3(327 450 161)
3(315 437 44)
3(436 314 68)
3(308 473 227)
3(322 400 232)
3(328 620 173)
3(578 300 152)
3(419 282 70)
3(283 420 42)
3(655 451 194)
3(312 440 163)
3(441 313 164)
3(466 475 309)
3(475 466 228)
3(282 670 70)
3(671 283 42)
3(323 594 254)
3(573 63 359)
3(358 49 572)
3(471 401 300)
3(495 344 50)
3(345 496 62)
3(401 633 152)
3(311 370 229)
3(370 311 216)
3(392 345 61)
3(488 503 267)
3(480 481 292)
3(414 301 155)
3(183 403 504)
3(404 184 503)
3(324 507 190)
3(508 323 189)
3(695 284 177)
3(301 414 217)
3(404 503 290)
3(504 403 291)
3(322 557 196)
3(317 402 217)
3(344 51 50)
3(345 62 61)
3(602 577 153)
3(480 292 156)
3(313 491 164)
3(490 312 163)
3(524 428 356)
3(514 413 272)
3(721 561 192)
3(561 652 192)
3(320 486 164)
3(485 319 163)
3(641 397 287)
3(516 319 241)
3(433 492 234)
3(397 641 188)
3(462 557 322)
3(307 444 85)
3(443 306 27)
3(424 326 58)
3(410 352 605)
3(353 411 604)
3(526 543 210)
3(396 497 250)
3(345 392 195)
3(433 590 266)
3(543 396 210)
3(457 687 417)
3(605 352 209)
3(353 604 208)
3(584 306 214)
3(307 583 215)
3(590 433 301)
3(413 514 175)
3(481 480 231)
3(577 602 299)
3(419 499 282)
3(498 420 283)
3(320 529 240)
3(288 422 221)
3(423 289 222)
3(424 305 210)
3(434 341 169)
3(603 660 397)
3(355 341 193)
3(499 419 224)
3(420 498 225)
3(298 710 170)
3(631 346 175)
3(300 401 152)
3(393 507 324)
3(508 394 323)
3(448 296 152)
3(464 288 221)
3(289 465 222)
3(400 303 159)
3(440 312 221)
3(313 441 222)
3(535 631 175)
3(658 304 247)
3(628 427 248)
3(297 431 153)
3(455 380 203)
3(392 61 60)
3(397 660 287)
3(466 309 182)
3(308 467 181)
3(453 349 201)
3(471 672 187)
3(408 489 176)
3(341 434 193)
3(324 390 162)
3(686 484 292)
3(457 417 160)
3(367 512 239)
3(511 366 238)
3(336 613 160)
3(421 325 169)
3(613 336 273)
3(314 436 209)
3(437 315 208)
3(387 407 237)
3(576 314 224)
3(315 575 225)
3(407 387 170)
3(345 459 243)
3(458 344 242)
3(344 458 194)
3(459 345 195)
3(320 705 185)
3(477 298 170)
3(393 324 162)
3(323 394 161)
3(434 348 193)
3(442 301 217)
3(706 402 317)
3(453 686 349)
3(344 495 242)
3(496 345 243)
3(452 372 230)
3(319 516 186)
3(301 433 155)
3(427 391 248)
3(442 627 178)
3(391 427 176)
3(572 331 208)
3(330 573 209)
3(473 308 167)
3(455 601 380)
3(374 432 197)
3(457 645 204)
3(381 635 202)
3(303 474 159)
3(304 574 247)
3(687 457 272)
3(305 460 210)
3(452 547 372)
3(393 548 214)
3(549 394 215)
3(437 45 44)
3(436 68 67)
3(306 507 214)
3(508 307 215)
3(319 405 230)
3(386 387 237)
3(432 311 229)
3(387 386 206)
3(424 58 57)
3(405 319 186)
3(477 492 266)
3(570 512 367)
3(511 569 366)
3(548 403 214)
3(404 549 215)
3(364 522 254)
3(523 363 255)
3(336 515 273)
3(414 317 217)
3(427 628 269)
3(395 454 298)
3(396 326 210)
3(572 657 331)
3(656 573 330)
3(481 313 180)
3(316 460 191)
3(313 481 231)
3(308 461 167)
3(306 584 27)
3(583 307 85)
3(461 308 219)
3(399 584 214)
3(583 398 215)
3(309 475 168)
3(550 347 55)
3(556 434 169)
3(321 449 211)
3(406 327 229)
3(597 322 232)
3(489 408 261)
3(358 572 208)
3(573 359 209)
3(436 330 209)
3(331 437 208)
3(572 47 657)
3(65 573 656)
3(313 465 180)
3(312 464 221)
3(465 313 222)
3(675 328 194)
3(329 676 195)
3(438 675 339)
3(676 439 340)
3(386 426 156)
3(692 381 318)
3(371 433 234)
3(426 386 237)
3(381 692 168)
3(413 321 211)
3(529 320 185)
3(642 327 161)
3(314 576 68)
3(575 315 44)
3(433 371 155)
3(705 368 185)
3(402 706 174)
3(581 329 195)
3(454 710 298)
3(438 212 675)
3(213 439 676)
3(590 354 266)
3(589 312 230)
3(354 590 178)
3(312 490 230)
3(491 313 231)
3(378 80 79)
3(377 33 32)
3(325 421 207)
3(522 334 254)
3(335 523 255)
3(669 375 200)
3(375 669 304)
3(667 336 160)
3(456 316 191)
3(370 406 229)
3(400 603 232)
3(339 675 194)
3(676 340 195)
3(497 396 174)
3(551 318 202)
3(406 370 171)
3(645 457 310)
3(627 442 274)
3(670 350 72)
3(351 671 40)
3(534 324 255)
3(382 31 30)
3(383 82 81)
3(635 381 279)
3(529 608 296)
3(342 653 253)
3(334 580 254)
3(579 335 255)
3(417 540 261)
3(346 631 237)
3(326 424 210)
3(392 581 195)
3(449 321 151)
3(563 389 265)
3(321 454 151)
3(492 477 170)
3(356 469 212)
3(321 468 218)
3(323 580 189)
3(579 324 190)
3(580 323 254)
3(324 579 255)
3(454 321 218)
3(444 86 85)
3(443 27 26)
3(357 525 155)
3(658 375 304)
3(430 328 173)
3(462 322 172)
3(328 655 194)
3(539 77 76)
3(538 36 35)
3(341 479 169)
3(479 341 233)
3(472 54 53)
3(490 319 230)
3(319 490 163)
3(491 320 164)
3(686 453 235)
3(600 325 207)
3(242 693 458)
3(694 243 459)
3(654 322 196)
3(325 556 169)
3(670 71 70)
3(671 42 41)
3(550 55 54)
3(322 597 172)
3(640 539 76)
3(538 639 36)
3(365 634 278)
3(634 365 201)
3(710 407 170)
3(376 664 199)
3(242 411 693)
3(410 243 694)
3(425 435 253)
3(423 378 79)
3(377 422 33)
3(664 376 295)
3(354 477 266)
3(560 551 246)
3(633 432 374)
3(384 640 75)
3(639 385 37)
3(476 649 336)
3(476 205 649)
3(671 41 40)
3(670 72 71)
3(325 487 236)
3(389 563 179)
3(556 325 236)
3(435 695 177)
3(405 530 269)
3(674 280 703)
3(530 405 186)
3(551 560 318)
3(636 379 235)
3(463 697 360)
3(352 410 166)
3(411 353 165)
3(646 326 250)
3(435 425 226)
3(327 642 229)
3(472 550 54)
3(674 703 371)
3(638 395 298)
3(395 638 207)
3(469 528 212)
3(463 153 697)
3(428 342 154)
3(388 455 203)
3(455 388 244)
3(660 603 159)
3(494 348 236)
3(662 382 30)
3(383 663 82)
3(348 494 158)
3(344 451 51)
3(456 361 259)
3(667 476 336)
3(640 76 75)
3(639 37 36)
3(361 456 191)
3(445 370 216)
3(438 339 165)
3(340 439 166)
3(515 641 273)
3(545 353 225)
3(352 546 224)
3(428 653 342)
3(363 534 255)
3(534 363 200)
3(612 450 327)
3(631 426 237)
3(702 457 204)
3(650 700 504)
3(450 612 199)
3(348 434 236)
3(376 406 171)
3(326 646 58)
3(540 417 211)
3(346 468 175)
3(609 516 297)
3(708 408 176)
3(499 337 181)
3(338 498 182)
3(674 371 234)
3(429 362 223)
3(419 576 224)
3(575 420 225)
3(546 337 224)
3(338 545 225)
3(432 369 197)
3(362 429 172)
3(366 552 238)
3(553 367 239)
3(369 432 229)
3(374 448 152)
3(422 377 221)
3(378 423 222)
3(536 368 256)
3(368 536 185)
3(692 560 226)
3(471 558 216)
3(458 339 194)
3(340 459 195)
3(572 48 47)
3(573 65 64)
3(650 504 291)
3(425 692 226)
3(525 414 155)
3(614 350 227)
3(351 615 228)
3(163 440 713)
3(441 164 714)
3(713 440 366)
3(441 714 367)
3(453 636 235)
3(601 659 177)
3(608 529 185)
3(521 357 155)
3(382 662 276)
3(663 383 277)
3(337 499 224)
3(498 338 225)
3(558 471 302)
3(374 488 240)
3(448 529 296)
3(488 374 197)
3(493 421 169)
3(506 343 247)
3(561 721 303)
3(581 497 329)
3(398 84 83)
3(399 29 28)
3(428 524 220)
3(468 346 218)
3(659 483 177)
3(339 693 165)
3(694 340 166)
3(484 686 235)
3(354 600 207)
3(650 567 198)
3(337 611 252)
3(610 338 251)
3(567 360 198)
3(342 483 233)
3(384 599 264)
3(371 521 155)
3(599 384 201)
3(600 354 178)
3(390 582 263)
3(493 455 244)
3(455 493 271)
3(350 467 227)
3(466 351 228)
3(621 342 253)
3(531 402 258)
3(589 464 312)
3(565 559 361)
3(534 390 324)
3(370 445 171)
3(413 687 272)
3(464 589 179)
3(469 356 154)
3(365 453 201)
3(463 360 223)
3(423 79 78)
3(422 34 33)
3(582 390 200)
3(568 541 245)
3(702 682 514)
3(448 374 240)
3(342 542 154)
3(442 531 274)
3(680 580 334)
3(579 679 335)
3(452 405 269)
3(541 568 333)
3(652 561 281)
3(360 470 198)
3(542 342 233)
3(343 715 196)
3(531 442 217)
3(642 369 229)
3(409 425 253)
3(632 482 206)
3(557 343 196)
3(389 668 265)
3(343 557 247)
3(559 565 249)
3(632 674 482)
3(716 403 183)
3(404 717 184)
3(507 393 214)
3(394 508 215)
3(359 496 243)
3(495 358 242)
3(565 347 249)
3(585 348 158)
3(365 473 167)
3(567 650 332)
3(547 452 157)
3(347 544 55)
3(665 356 212)
3(358 495 49)
3(496 359 63)
3(347 550 249)
3(350 614 72)
3(615 351 40)
3(430 655 328)
3(710 454 218)
3(597 362 172)
3(348 554 193)
3(451 655 270)
3(716 648 403)
3(647 717 404)
3(349 599 201)
3(516 609 186)
3(516 431 297)
3(475 381 168)
3(514 682 293)
3(478 494 274)
3(502 377 32)
3(378 501 80)
3(526 685 258)
3(494 478 158)
3(377 502 238)
3(501 378 239)
3(372 589 230)
3(361 559 173)
3(357 617 252)
3(638 354 207)
3(546 352 166)
3(353 545 165)
3(386 596 206)
3(382 502 31)
3(501 383 81)
3(444 719 285)
3(718 443 286)
3(425 409 168)
3(419 70 69)
3(420 43 42)
3(502 382 238)
3(383 501 239)
3(542 355 154)
3(408 708 294)
3(719 680 285)
3(679 718 286)
3(524 356 251)
3(442 590 301)
3(361 595 259)
3(478 531 258)
3(480 705 231)
3(705 480 368)
3(595 361 173)
3(373 533 171)
3(454 395 151)
3(449 540 211)
3(451 52 51)
3(528 469 262)
3(440 552 366)
3(553 441 367)
3(533 373 245)
3(359 605 209)
3(604 358 208)
3(358 604 242)
3(605 359 243)
3(580 680 189)
3(679 579 190)
3(368 566 256)
3(355 707 154)
3(356 665 251)
3(666 357 252)
3(586 355 193)
3(363 669 200)
3(375 658 172)
3(397 571 232)
3(470 431 241)
3(460 696 191)
3(362 723 223)
3(636 365 167)
3(412 606 226)
3(482 387 206)
3(360 567 223)
3(383 717 277)
3(716 382 276)
3(401 471 216)
3(484 386 156)
3(364 199 664)
3(530 427 269)
3(594 364 254)
3(364 594 199)
3(369 642 161)
3(662 399 276)
3(398 663 277)
3(468 413 175)
3(643 365 278)
3(565 361 191)
3(685 526 316)
3(720 373 171)
3(372 547 246)
3(391 518 203)
3(663 398 83)
3(399 662 29)
3(623 390 263)
3(519 384 75)
3(385 520 37)
3(590 442 178)
3(379 596 235)
3(601 455 271)
3(446 614 227)
3(615 447 228)
3(678 671 351)
3(670 677 350)
3(551 668 389)
3(683 408 294)
3(551 202 668)
3(421 493 244)
3(654 400 322)
3(476 408 205)
3(408 683 205)
3(382 511 238)
3(512 383 239)
3(543 526 258)
3(661 372 246)
3(373 568 245)
3(514 535 175)
3(533 376 171)
3(535 514 293)
3(568 652 333)
3(377 552 221)
3(553 378 222)
3(405 452 230)
3(633 374 152)
3(517 388 151)
3(681 375 172)
3(568 373 192)
3(373 588 192)
3(388 517 244)
3(413 468 321)
3(390 623 162)
3(375 582 200)
3(380 537 203)
3(424 607 305)
3(585 456 259)
3(412 560 246)
3(709 380 284)
3(627 487 178)
3(492 482 234)
3(391 537 248)
3(537 391 203)
3(603 397 232)
3(552 377 238)
3(378 553 239)
3(628 452 269)
3(527 392 60)
3(399 648 276)
3(647 398 277)
3(518 388 203)
3(712 423 78)
3(422 711 34)
3(668 385 265)
3(376 722 295)
3(385 668 202)
3(612 376 199)
3(666 525 357)
3(463 602 153)
3(652 568 192)
3(583 85 84)
3(584 28 27)
3(525 666 213)
3(671 678 283)
3(677 670 282)
3(380 601 177)
3(575 44 43)
3(576 69 68)
3(648 399 214)
3(398 647 215)
3(548 393 162)
3(394 549 161)
3(640 384 264)
3(385 639 265)
3(606 695 226)
3(381 616 279)
3(384 634 201)
3(635 385 202)
3(408 476 261)
3(521 703 219)
3(703 521 371)
3(395 517 151)
3(390 534 200)
3(392 527 250)
3(696 460 305)
3(581 392 250)
3(513 628 248)
3(530 708 427)
3(414 525 317)
3(438 665 212)
3(666 439 213)
3(551 389 246)
3(574 506 247)
3(389 661 246)
3(540 449 260)
3(558 598 257)
3(585 684 456)
3(402 543 258)
3(543 402 174)
3(613 457 160)
3(457 613 310)
3(388 587 151)
3(558 445 216)
3(432 633 311)
3(571 637 232)
3(661 389 179)
3(711 422 288)
3(423 712 289)
3(602 463 275)
3(644 391 176)
3(687 413 211)
3(487 600 178)
3(700 650 198)
3(484 596 386)
3(527 646 250)
3(470 562 198)
3(615 40 39)
3(614 73 72)
3(540 489 261)
3(632 596 379)
3(596 632 206)
3(495 50 49)
3(496 63 62)
3(591 618 286)
3(619 592 285)
3(396 543 174)
3(626 395 207)
3(524 416 220)
3(501 81 80)
3(502 32 31)
3(416 524 251)
3(527 60 59)
3(402 531 217)
3(681 429 263)
3(646 59 58)
3(520 38 37)
3(519 75 74)
3(616 447 279)
3(447 616 228)
3(641 515 188)
3(691 74 73)
3(690 39 38)
3(598 558 302)
3(571 397 188)
3(565 696 347)
3(564 465 289)
3(464 563 288)
3(465 564 180)
3(563 464 179)
3(406 612 327)
3(486 488 267)
3(488 486 240)
3(625 515 299)
3(65 656 2)
3(657 47 1)
3(398 583 84)
3(584 399 28)
3(626 421 244)
3(570 714 267)
3(713 569 268)
3(547 412 246)
3(447 615 39)
3(614 446 73)
3(403 548 291)
3(549 404 290)
3(493 479 271)
3(479 493 169)
3(656 66 2)
3(46 657 1)
3(525 704 317)
3(714 570 367)
3(569 713 366)
3(593 429 223)
3(431 516 241)
3(429 593 263)
3(418 586 193)
3(586 418 262)
3(554 418 193)
3(544 56 55)
3(512 717 383)
3(716 511 382)
3(696 565 191)
3(622 471 187)
3(452 628 157)
3(418 554 259)
3(589 661 179)
3(661 589 372)
3(515 625 188)
3(471 622 302)
3(597 637 362)
3(637 597 232)
3(636 698 379)
3(604 411 242)
3(410 605 243)
3(658 462 172)
3(491 705 320)
3(497 706 329)
3(706 497 174)
3(603 400 159)
3(682 702 204)
3(412 547 157)
3(512 570 184)
3(569 511 183)
3(606 412 157)
3(446 691 73)
3(690 447 39)
3(621 483 342)
3(698 636 167)
3(466 678 351)
3(677 467 350)
3(470 697 431)
3(434 556 236)
3(446 643 278)
3(643 446 227)
3(705 491 231)
3(400 654 303)
3(409 653 220)
3(631 535 256)
3(415 617 219)
3(560 412 226)
3(445 720 171)
3(474 588 257)
3(528 675 212)
3(403 648 214)
3(647 404 215)
3(675 528 328)
3(426 566 156)
3(552 440 221)
3(441 553 222)
3(612 406 376)
3(538 563 265)
3(564 539 264)
3(563 538 288)
3(539 564 289)
3(550 472 249)
3(420 575 43)
3(576 419 69)
3(529 448 240)
3(526 460 316)
3(562 700 198)
3(636 453 365)
3(621 435 177)
3(438 610 251)
3(611 439 252)
3(566 426 256)
3(480 566 368)
3(559 430 173)
3(653 428 220)
3(460 526 210)
3(595 418 259)
3(620 528 262)
3(624 53 52)
3(704 525 213)
3(407 710 218)
3(677 499 181)
3(498 678 182)
3(596 484 235)
3(531 478 274)
3(624 451 270)
3(457 702 272)
3(607 57 56)
3(659 601 271)
3(577 683 297)
3(682 578 296)
3(451 624 52)
3(582 681 263)
3(653 409 253)
3(418 620 262)
3(598 474 257)
3(521 617 357)
3(617 415 252)
3(445 558 257)
3(500 715 343)
3(607 424 57)
3(607 544 305)
3(609 530 186)
3(530 609 294)
3(644 518 391)
3(544 607 56)
3(608 536 293)
3(667 417 261)
3(712 78 77)
3(711 35 34)
3(410 694 166)
3(693 411 165)
3(623 593 332)
3(421 626 207)
3(475 616 381)
3(593 623 263)
3(629 87 86)
3(630 26 25)
3(685 478 258)
3(536 608 185)
3(665 438 251)
3(439 666 252)
3(562 470 241)
3(430 673 270)
3(555 641 287)
3(517 626 244)
3(417 667 160)
3(662 30 29)
3(663 83 82)
3(417 687 211)
3(539 640 264)
3(639 538 265)
3(504 569 183)
3(570 503 184)
3(569 504 268)
3(503 570 267)
3(426 631 256)
3(708 530 294)
3(643 473 365)
3(429 681 172)
3(689 67 66)
3(688 46 45)
3(557 462 247)
3(587 449 151)
3(541 505 245)
3(449 587 260)
3(692 425 168)
3(701 623 332)
3(485 562 241)
3(435 621 253)
3(655 430 270)
3(489 540 260)
3(610 438 165)
3(439 611 166)
3(483 621 177)
3(427 708 176)
3(594 450 199)
3(566 480 156)
3(707 469 154)
3(463 723 275)
3(689 436 67)
3(437 688 45)
3(709 537 380)
3(630 443 26)
3(444 629 86)
3(458 693 339)
3(694 459 340)
3(443 630 286)
3(629 444 285)
3(431 697 153)
3(536 535 293)
3(499 677 282)
3(678 498 283)
3(585 554 348)
3(461 698 167)
3(436 689 330)
3(688 437 331)
3(698 461 280)
3(616 475 228)
3(535 536 256)
3(695 435 226)
3(652 510 333)
3(637 571 275)
3(562 485 268)
3(648 716 276)
3(717 647 277)
3(718 507 306)
3(508 719 307)
3(513 606 157)
3(469 707 262)
3(507 718 190)
3(719 508 189)
3(723 463 223)
3(461 703 280)
3(703 461 219)
3(489 644 176)
3(560 692 318)
3(624 472 53)
3(474 598 159)
3(683 577 205)
3(578 682 204)
3(518 644 260)
3(617 521 219)
3(724 481 180)
3(481 724 292)
3(497 581 250)
3(623 701 162)
3(638 477 354)
3(518 587 388)
3(587 518 260)
3(487 627 236)
3(533 722 376)
3(691 446 278)
3(447 690 279)
3(622 660 302)
3(627 494 236)
3(721 588 474)
3(600 487 325)
3(479 659 271)
3(659 479 233)
3(626 517 395)
3(443 718 306)
3(719 444 307)
3(701 548 162)
3(472 624 270)
3(462 658 247)
3(720 445 257)
3(456 684 316)
3(476 667 261)
3(472 673 249)
3(673 472 270)
3(473 643 227)
3(664 509 364)
3(505 722 245)
3(477 638 298)
3(722 505 295)
3(610 545 338)
3(546 611 337)
3(699 564 264)
3(545 610 165)
3(611 546 166)
3(467 677 181)
3(678 466 182)
3(718 679 190)
3(680 719 189)
3(606 513 284)
3(695 606 284)
3(697 470 360)
3(649 515 336)
3(654 561 303)
3(494 627 274)
3(561 654 196)
3(555 622 187)
3(622 555 287)
3(483 659 233)
3(644 489 260)
3(599 699 264)
3(544 696 305)
3(696 544 347)
3(674 632 280)
3(554 585 259)
3(478 685 158)
3(519 634 384)
3(635 520 385)
3(634 519 278)
3(520 635 279)
3(608 682 296)
3(683 609 297)
3(645 578 204)
3(482 674 234)
3(578 645 300)
3(485 713 268)
3(714 486 267)
3(577 649 205)
3(649 577 299)
3(721 474 303)
3(628 513 157)
3(660 622 287)
3(593 567 332)
3(567 593 223)
3(510 652 281)
3(515 649 299)
3(715 500 281)
3(651 672 310)
3(672 651 187)
3(548 701 291)
3(660 598 302)
3(713 485 163)
3(486 714 164)
3(509 664 295)
3(707 586 262)
3(680 619 285)
3(618 679 286)
3(504 700 268)
3(539 712 77)
3(711 538 35)
3(619 680 334)
3(679 618 335)
3(532 669 363)
3(559 673 430)
3(651 555 187)
3(691 519 74)
3(520 690 38)
3(709 513 248)
3(519 691 278)
3(690 520 279)
3(513 709 284)
3(646 527 59)
3(723 637 275)
3(613 651 310)
3(651 613 273)
3(602 625 299)
3(571 625 275)
3(595 620 418)
3(702 514 272)
3(669 532 304)
3(641 555 273)
3(511 716 183)
3(717 512 184)
3(625 571 188)
3(555 651 273)
3(620 595 173)
3(625 602 275)
3(656 689 66)
3(688 657 46)
3(657 688 331)
3(689 656 330)
3(592 629 285)
3(630 591 286)
3(629 592 87)
3(591 630 25)
3(588 720 257)
3(724 686 292)
3(686 724 349)
3(720 588 373)
3(650 701 332)
3(722 533 245)
3(537 709 248)
3(698 632 379)
3(673 559 249)
3(538 711 288)
3(712 539 289)
3(561 715 281)
3(684 585 158)
3(700 562 268)
3(598 660 159)
3(672 645 310)
3(681 582 375)
3(699 724 180)
3(724 699 349)
3(564 699 180)
3(588 721 192)
3(715 561 196)
3(682 608 293)
3(609 683 294)
3(676 704 213)
3(704 676 329)
3(586 707 355)
3(699 599 349)
3(645 672 300)
3(632 698 280)
3(685 684 158)
3(684 685 316)
3(701 650 291)
3(637 723 362)
3(704 706 317)
3(706 704 329)
3(505 11 295)
3(500 15 281)
3(281 15 510)
3(364 9 522)
3(523 21 363)
3(295 11 509)
3(304 532 19)
3(574 304 19)
3(343 16 500)
3(522 8 334)
3(335 22 523)
3(334 7 619)
3(618 23 335)
3(333 13 541)
3(510 14 333)
3(506 17 343)
3(619 6 592)
3(591 24 618)
3(509 10 364)
3(363 20 532)
3(25 0 591)
3(592 3 87)
3(541 12 505)
3(574 18 506)
3(9 10 938)
3(20 21 937)
3(16 17 917)
3(13 14 907)
3(7 8 908)
3(22 23 909)
3(11 12 1079)
3(15 16 1074)
3(12 13 1115)
3(6 7 1193)
3(23 24 1192)
3(14 15 1084)
3(24 0 1165)
3(3 6 1166)
3(18 19 1148)
3(10 11 1083)
3(17 18 1080)
3(19 20 1106)
3(8 9 1096)
3(21 22 1097)
3(915 1116 929)
3(915 807 1116)
3(943 864 1123)
3(943 1123 735)
3(858 751 954)
3(1077 771 1062)
3(888 798 926)
3(927 799 889)
3(866 730 1058)
3(981 811 920)
3(920 792 981)
3(1060 814 894)
3(893 815 1059)
3(911 755 989)
3(990 756 912)
3(989 826 911)
3(912 825 990)
3(1025 768 918)
3(961 744 1066)
3(943 771 864)
3(1056 961 1066)
3(1246 874 1045)
3(983 742 883)
3(885 790 975)
3(883 794 983)
3(897 1168 1024)
3(1024 735 897)
3(870 726 1152)
3(1151 727 871)
3(1041 801 882)
3(864 771 1077)
3(111 1147 112)
3(1146 127 126)
3(900 824 970)
3(1066 840 1007)
3(926 783 888)
3(889 782 927)
3(892 776 955)
3(902 1194 1102)
3(1207 885 975)
3(930 728 1002)
3(989 755 882)
3(883 756 990)
3(882 793 989)
3(990 794 883)
3(901 735 1024)
3(889 131 1011)
3(1010 107 888)
3(882 801 1047)
3(896 806 974)
3(902 747 1194)
3(1152 726 874)
3(993 105 856)
3(857 133 994)
3(1229 768 1025)
3(886 737 1014)
3(1015 738 887)
3(1040 883 1049)
3(1049 802 1040)
3(856 105 1244)
3(1245 133 857)
3(897 828 1168)
3(1147 933 112)
3(932 1146 126)
3(1045 874 975)
3(1069 125 918)
3(919 113 1070)
3(975 726 1207)
3(885 803 944)
3(944 790 885)
3(966 114 919)
3(1062 841 1077)
3(1054 866 1055)
3(988 729 875)
3(757 1078 977)
3(978 1077 758)
3(898 764 1081)
3(1082 763 897)
3(1269 751 858)
3(875 791 988)
3(978 864 1077)
3(1078 865 977)
3(896 770 1131)
3(891 791 976)
3(918 125 124)
3(919 114 113)
3(1176 727 1151)
3(1054 730 866)
3(887 738 1065)
3(1064 737 886)
3(1098 930 1002)
3(1088 846 987)
3(1295 766 1135)
3(1135 766 1226)
3(894 738 1060)
3(1059 737 893)
3(1215 861 971)
3(1090 815 893)
3(1007 808 1066)
3(971 762 1215)
3(1036 896 1131)
3(881 90 1018)
3(1017 148 880)
3(998 117 900)
3(984 1179 926)
3(927 1178 985)
3(1100 784 1117)
3(970 824 1071)
3(919 769 966)
3(1007 840 1164)
3(1117 784 970)
3(1031 991 1261)
3(1179 783 926)
3(927 782 1178)
3(1158 788 880)
3(881 789 1157)
3(1164 875 1007)
3(987 749 1088)
3(1055 805 1054)
3(1151 873 1176)
3(993 856 1073)
3(1072 857 994)
3(894 814 1103)
3(862 795 996)
3(997 796 863)
3(998 784 879)
3(1008 743 915)
3(1177 971 1234)
3(929 767 915)
3(1073 798 993)
3(994 799 1072)
3(872 744 1284)
3(1205 749 920)
3(874 726 975)
3(967 898 1081)
3(1082 897 968)
3(1022 726 870)
3(1038 795 862)
3(863 796 1039)
3(974 733 877)
3(1014 795 886)
3(887 796 1015)
3(1109 749 1205)
3(1232 821 878)
3(1202 822 1001)
3(871 727 1005)
3(1029 777 954)
3(966 115 114)
3(971 861 1234)
3(1040 756 883)
3(882 755 1041)
3(1027 775 923)
3(1045 761 1246)
3(982 750 1063)
3(915 767 1008)
3(898 736 964)
3(1260 866 1058)
3(1031 734 991)
3(941 813 1086)
3(1085 812 940)
3(910 734 1187)
3(995 743 899)
3(1187 847 910)
3(888 783 1010)
3(1011 782 889)
3(961 811 981)
3(1150 798 888)
3(889 799 1149)
3(981 744 961)
3(919 817 1033)
3(1032 816 918)
3(918 768 1032)
3(1033 769 919)
3(894 759 1279)
3(1051 744 872)
3(967 736 898)
3(897 735 968)
3(1008 767 922)
3(1016 791 875)
3(1280 891 976)
3(1027 923 1260)
3(918 816 1069)
3(1070 817 919)
3(1026 804 946)
3(893 760 1090)
3(875 729 1007)
3(1001 822 965)
3(1016 752 1201)
3(965 750 1001)
3(1146 782 905)
3(904 783 1147)
3(1047 741 882)
3(1029 954 1175)
3(948 771 1006)
3(1031 778 1219)
3(955 776 1209)
3(877 733 1048)
3(878 821 1148)
3(1261 846 1031)
3(879 784 1034)
3(1026 946 1121)
3(967 788 1122)
3(1123 789 968)
3(1011 131 130)
3(1010 108 107)
3(880 788 1081)
3(1082 789 881)
3(893 804 979)
3(960 811 961)
3(1006 803 885)
3(961 780 960)
3(998 118 117)
3(979 760 893)
3(1051 840 1066)
3(1144 941 1086)
3(1085 940 1143)
3(1122 788 977)
3(978 789 1123)
3(938 828 1096)
3(1097 829 937)
3(910 847 1089)
3(988 791 891)
3(1001 843 1202)
3(969 872 1028)
3(970 784 900)
3(1146 905 1231)
3(1230 904 1147)
3(1055 754 887)
3(890 765 1034)
3(887 805 1055)
3(882 741 1035)
3(880 148 1158)
3(1157 90 881)
3(1035 793 882)
3(973 788 1158)
3(1157 789 972)
3(883 742 1049)
3(1124 120 921)
3(1130 743 1008)
3(895 785 1023)
3(980 803 901)
3(1171 806 896)
3(1063 835 982)
3(932 782 1146)
3(1147 783 933)
3(1010 783 904)
3(905 782 1011)
3(1146 1231 128)
3(110 1230 1147)
3(887 754 1039)
3(886 795 1038)
3(1039 796 887)
3(1249 768 902)
3(903 769 1250)
3(1012 913 1249)
3(1250 914 1013)
3(960 730 1000)
3(1266 892 955)
3(945 808 1007)
3(1000 811 960)
3(955 742 1266)
3(987 785 895)
3(1103 759 894)
3(1216 735 901)
3(888 107 1150)
3(1149 131 889)
3(1007 729 945)
3(1279 759 942)
3(976 748 1280)
3(1155 769 903)
3(1028 872 1284)
3(1012 1249 786)
3(787 1250 1013)
3(1164 840 928)
3(1163 804 886)
3(928 752 1164)
3(886 804 1064)
3(1065 805 887)
3(952 96 95)
3(951 143 142)
3(899 781 995)
3(1096 828 908)
3(909 829 1097)
3(1243 774 949)
3(949 878 1243)
3(1241 734 910)
3(1030 765 890)
3(944 803 980)
3(974 806 1177)
3(913 768 1249)
3(1250 769 914)
3(1071 748 970)
3(1125 776 892)
3(980 745 944)
3(1219 884 1031)
3(1201 848 1016)
3(1244 103 924)
3(925 135 1245)
3(1108 829 898)
3(956 145 144)
3(957 94 93)
3(1209 853 955)
3(1103 870 1182)
3(916 827 1227)
3(908 828 1154)
3(1153 829 909)
3(991 835 1114)
3(920 811 1205)
3(900 784 998)
3(966 769 1155)
3(1023 725 895)
3(1137 839 963)
3(895 725 1028)
3(1066 744 1051)
3(930 786 1043)
3(895 792 1042)
3(897 763 1154)
3(1153 764 898)
3(1154 828 897)
3(898 829 1153)
3(1028 792 895)
3(1018 90 89)
3(1017 149 148)
3(931 729 1099)
3(1232 878 949)
3(1004 747 902)
3(1036 746 896)
3(902 768 1229)
3(1113 99 98)
3(1112 140 139)
3(915 743 1053)
3(1053 807 915)
3(1046 122 121)
3(1064 804 893)
3(893 737 1064)
3(1065 738 894)
3(1260 809 1027)
3(1174 781 899)
3(816 1032 1267)
3(1268 1033 817)
3(1228 770 896)
3(899 743 1130)
3(1244 105 104)
3(1245 134 133)
3(1124 121 120)
3(896 746 1171)
3(1214 99 1113)
3(1112 139 1213)
3(939 852 1208)
3(1208 775 939)
3(1284 744 981)
3(950 773 1238)
3(816 1267 985)
3(984 1268 817)
3(999 827 1009)
3(997 96 952)
3(951 142 996)
3(1238 869 950)
3(928 840 1051)
3(1134 820 1125)
3(1207 948 1006)
3(958 100 1214)
3(1213 138 959)
3(1050 910 1223)
3(1050 1223 779)
3(1245 135 134)
3(1244 104 103)
3(899 810 1061)
3(963 753 1137)
3(1130 810 899)
3(1009 751 1269)
3(979 843 1104)
3(1248 1277 854)
3(1104 760 979)
3(1125 892 1134)
3(1210 809 953)
3(1037 934 1271)
3(926 740 984)
3(985 739 927)
3(1220 824 900)
3(1009 800 999)
3(901 803 1216)
3(1046 121 1124)
3(1248 945 1277)
3(1212 872 969)
3(969 781 1212)
3(1043 786 1102)
3(1037 1271 727)
3(1002 728 916)
3(962 777 1029)
3(1029 818 962)
3(1234 733 1177)
3(1068 810 922)
3(1236 145 956)
3(957 93 1237)
3(922 732 1068)
3(918 124 1025)
3(1030 833 935)
3(1241 910 1050)
3(1214 100 99)
3(1213 139 138)
3(935 765 1030)
3(1019 790 944)
3(1012 739 913)
3(914 740 1013)
3(1089 847 1215)
3(1119 799 927)
3(926 798 1120)
3(1002 916 1227)
3(937 829 1108)
3(1108 774 937)
3(1186 901 1024)
3(1205 811 1000)
3(1276 778 1031)
3(1224 1078 1274)
3(1024 773 1186)
3(922 810 1008)
3(950 745 980)
3(900 117 1220)
3(1114 785 991)
3(920 749 1042)
3(1183 871 1090)
3(1282 750 982)
3(1073 755 911)
3(912 756 1072)
3(1248 808 945)
3(1003 797 936)
3(993 798 1150)
3(1149 799 994)
3(1120 798 911)
3(912 799 1119)
3(1006 771 943)
3(936 746 1003)
3(940 812 1126)
3(1127 813 941)
3(943 803 1006)
3(948 726 1022)
3(996 795 951)
3(952 796 997)
3(1110 830 942)
3(942 759 1110)
3(1266 800 1134)
3(1045 790 1132)
3(1032 768 913)
3(914 769 1033)
3(1146 128 127)
3(1147 111 110)
3(1224 865 1078)
3(999 800 1266)
3(1099 729 988)
3(1188 801 924)
3(925 802 1189)
3(737 1287 1014)
3(1015 1288 738)
3(1287 940 1014)
3(1015 941 1288)
3(1027 809 1210)
3(1175 751 1233)
3(1182 759 1103)
3(1095 729 931)
3(956 850 1236)
3(1237 851 957)
3(911 798 1073)
3(1072 799 912)
3(1132 876 1045)
3(948 814 1062)
3(1022 870 1103)
3(1062 771 948)
3(1067 743 995)
3(1080 821 917)
3(1135 877 1295)
3(1155 903 1071)
3(972 92 91)
3(973 147 146)
3(1002 794 1098)
3(1042 792 920)
3(1233 751 1057)
3(913 739 1267)
3(1268 740 914)
3(1058 809 1260)
3(928 781 1174)
3(1224 772 1141)
3(911 826 1185)
3(1184 825 912)
3(1141 772 934)
3(916 807 1057)
3(958 838 1173)
3(945 729 1095)
3(1173 775 958)
3(1174 752 928)
3(964 837 1156)
3(1067 818 1029)
3(1029 845 1067)
3(924 801 1041)
3(1040 802 925)
3(1195 827 916)
3(1105 832 976)
3(1163 886 1038)
3(1139 935 1133)
3(1108 898 964)
3(944 745 1019)
3(987 846 1261)
3(1038 753 1163)
3(1043 728 930)
3(939 775 1027)
3(1037 797 934)
3(997 97 96)
3(996 142 141)
3(1156 774 964)
3(1142 819 1115)
3(1276 1088 1256)
3(1022 814 948)
3(916 728 1116)
3(1016 848 1105)
3(1254 908 1154)
3(1153 909 1253)
3(1026 843 979)
3(1115 907 1142)
3(1226 855 1135)
3(934 772 1044)
3(1116 807 916)
3(917 770 1289)
3(1105 791 1016)
3(1216 803 943)
3(983 827 999)
3(1206 780 1056)
3(1131 770 917)
3(963 839 1242)
3(917 821 1131)
3(1133 823 1139)
3(1206 1056 1248)
3(1290 757 977)
3(978 758 1291)
3(1081 788 967)
3(968 789 1082)
3(933 817 1070)
3(1069 816 932)
3(1139 823 921)
3(1159 732 922)
3(939 741 1047)
3(1141 906 1224)
3(1121 731 1026)
3(921 120 1118)
3(1239 786 930)
3(932 126 1069)
3(1070 112 933)
3(921 823 1124)
3(924 103 1188)
3(1189 135 925)
3(1004 902 1229)
3(1284 792 1028)
3(1171 746 936)
3(922 767 1128)
3(1025 844 1229)
3(1290 977 1222)
3(1221 978 1291)
3(923 775 1173)
3(1090 760 1183)
3(1090 871 1005)
3(1049 742 955)
3(1088 867 1256)
3(1052 848 1068)
3(1076 143 951)
3(952 95 1075)
3(1100 832 1259)
3(1068 732 1052)
3(951 812 1076)
3(1075 813 952)
3(946 804 1163)
3(935 747 1133)
3(931 826 1191)
3(1212 781 928)
3(1120 740 926)
3(927 739 1119)
3(960 780 1170)
3(956 144 1076)
3(1075 94 957)
3(1018 859 1293)
3(1292 860 1017)
3(999 742 983)
3(993 106 105)
3(994 133 132)
3(1076 812 956)
3(957 813 1075)
3(1116 728 929)
3(982 868 1282)
3(1293 859 1254)
3(1253 860 1292)
3(1098 825 930)
3(1016 875 1164)
3(935 833 1169)
3(1052 832 1105)
3(1054 805 1279)
3(1279 942 1054)
3(1169 747 935)
3(947 745 1107)
3(1028 725 969)
3(1023 785 1114)
3(1025 124 123)
3(1102 836 1043)
3(1014 940 1126)
3(1127 941 1015)
3(1107 819 947)
3(933 783 1179)
3(1178 782 932)
3(932 816 1178)
3(1179 817 933)
3(1154 763 1254)
3(1253 764 1153)
3(942 830 1140)
3(929 728 1281)
3(930 825 1239)
3(1240 826 931)
3(1160 767 929)
3(937 774 1243)
3(949 746 1232)
3(971 806 1145)
3(1044 815 1005)
3(1034 765 1270)
3(936 797 1297)
3(1210 741 939)
3(986 800 1180)
3(1056 780 961)
3(934 797 1141)
3(957 851 1291)
3(1290 850 956)
3(975 790 1045)
3(1058 730 960)
3(938 1238 773)
3(1104 843 1001)
3(1168 828 938)
3(938 773 1168)
3(943 735 1216)
3(1236 850 973)
3(972 851 1237)
3(1042 749 987)
3(1217 852 939)
3(1139 765 935)
3(1259 890 1100)
3(1294 745 947)
3(946 820 1121)
3(965 777 1092)
3(1237 92 972)
3(973 146 1236)
3(1197 837 964)
3(1093 100 958)
3(959 138 1094)
3(1164 752 1016)
3(953 809 1170)
3(1175 845 1029)
3(1020 801 1188)
3(1189 802 1021)
3(1252 925 1245)
3(1244 924 1251)
3(1125 963 1242)
3(1257 868 982)
3(1125 1242 776)
3(995 818 1067)
3(1228 896 974)
3(1050 779 982)
3(982 779 1257)
3(956 812 1085)
3(1086 813 957)
3(1117 832 1100)
3(1235 820 946)
3(947 819 1142)
3(1088 749 1109)
3(1107 745 950)
3(1109 867 1088)
3(1142 907 1226)
3(951 795 1126)
3(1127 796 952)
3(979 804 1026)
3(1207 726 948)
3(1091 725 962)
3(1255 746 949)
3(1142 766 947)
3(947 766 1162)
3(962 818 1091)
3(987 895 1042)
3(964 736 1197)
3(949 774 1156)
3(954 777 1111)
3(998 879 1181)
3(1159 833 1030)
3(986 820 1134)
3(1283 858 954)
3(1201 752 1061)
3(1066 808 1056)
3(965 822 1111)
3(1111 777 965)
3(1177 806 971)
3(1126 812 951)
3(952 813 1127)
3(1202 843 1026)
3(1101 115 966)
3(973 850 1222)
3(1221 851 972)
3(1092 777 962)
3(1286 97 997)
3(996 141 1285)
3(1242 839 959)
3(950 869 1296)
3(959 776 1242)
3(1186 773 950)
3(1240 931 1099)
3(1037 727 1176)
3(1226 766 1142)
3(1157 91 90)
3(1158 148 147)
3(1099 787 1240)
3(1245 857 1252)
3(1251 856 1244)
3(954 751 1175)
3(1149 132 131)
3(1150 107 106)
3(1222 788 973)
3(972 789 1221)
3(1122 736 967)
3(968 735 1123)
3(1214 838 958)
3(959 839 1213)
3(1180 800 1269)
3(955 853 1190)
3(958 775 1208)
3(1209 776 959)
3(982 835 1050)
3(1095 793 1277)
3(1277 945 1095)
3(969 725 1091)
3(964 774 1108)
3(966 824 1101)
3(1270 879 1034)
3(1155 824 966)
3(1087 822 1202)
3(1104 1001 1282)
3(988 891 1099)
3(1012 786 1239)
3(1240 787 1013)
3(1125 820 963)
3(1148 821 1080)
3(963 820 1235)
3(1114 834 1023)
3(1132 831 1172)
3(1159 1030 1258)
3(976 832 1117)
3(1117 748 976)
3(1187 734 1031)
3(1031 884 1187)
3(962 725 1161)
3(1132 790 1019)
3(1006 885 1207)
3(1145 806 1211)
3(1235 753 963)
3(1285 862 996)
3(997 863 1286)
3(1176 849 1037)
3(1218 750 965)
3(1261 785 987)
3(1061 752 1174)
3(1274 772 1224)
3(1058 960 1170)
3(1101 824 1220)
3(1044 772 1136)
3(1189 136 135)
3(1188 103 102)
3(1114 835 1063)
3(1206 953 1170)
3(1170 780 1206)
3(1069 126 125)
3(1070 113 112)
3(1165 860 1192)
3(1193 859 1166)
3(970 748 1117)
3(1200 781 969)
3(1098 794 990)
3(1075 95 94)
3(1076 144 143)
3(990 825 1098)
3(1101 116 115)
3(976 791 1105)
3(1255 837 1003)
3(1220 117 116)
3(1094 138 137)
3(1093 101 100)
3(1190 853 1021)
3(1021 802 1190)
3(1215 762 1089)
3(1265 102 101)
3(1264 137 136)
3(1172 876 1132)
3(1145 762 971)
3(1139 921 1270)
3(1138 863 1039)
3(1038 862 1137)
3(1039 754 1138)
3(1137 753 1038)
3(980 901 1186)
3(1060 841 1062)
3(1062 814 1060)
3(1199 873 1089)
3(110 4 1230)
3(1231 5 128)
3(972 91 1157)
3(1158 147 973)
3(1200 818 995)
3(1144 841 1288)
3(1287 842 1143)
3(1121 820 986)
3(1021 136 1189)
3(1188 102 1020)
3(977 865 1122)
3(1123 864 978)
3(1067 845 1053)
3(1053 743 1067)
3(1230 4 109)
3(129 5 1231)
3(1099 891 1278)
3(1288 941 1144)
3(1143 940 1287)
3(1167 797 1003)
3(1005 815 1090)
3(1003 837 1167)
3(992 767 1160)
3(1160 836 992)
3(1128 767 992)
3(1118 120 119)
3(1086 957 1291)
3(1290 956 1085)
3(1270 765 1139)
3(1196 761 1045)
3(1026 731 1202)
3(992 833 1128)
3(1163 753 1235)
3(1235 946 1163)
3(1089 762 1199)
3(1045 876 1196)
3(1171 936 1211)
3(1211 806 1171)
3(1210 953 1272)
3(1178 816 985)
3(984 817 1179)
3(1232 746 1036)
3(1065 894 1279)
3(1071 903 1280)
3(1280 748 1071)
3(1177 733 974)
3(1256 778 1276)
3(986 731 1121)
3(1086 758 1144)
3(1143 757 1085)
3(1180 731 986)
3(1020 102 1265)
3(1264 136 1021)
3(1195 916 1057)
3(1272 741 1210)
3(1040 925 1252)
3(1251 924 1041)
3(1044 1005 1271)
3(1008 810 1130)
3(1020 852 1217)
3(1217 801 1020)
3(1279 805 1065)
3(974 877 1228)
3(983 794 1227)
3(1205 830 1109)
3(989 793 1191)
3(1134 800 986)
3(1019 745 1294)
3(1048 831 1162)
3(1102 786 1249)
3(977 788 1222)
3(1221 789 978)
3(1249 902 1102)
3(1000 730 1140)
3(1126 795 1014)
3(1015 796 1127)
3(1186 950 980)
3(1112 839 1137)
3(1138 838 1113)
3(1137 862 1112)
3(1113 863 1138)
3(1124 823 1046)
3(994 132 1149)
3(1150 106 993)
3(1103 814 1022)
3(1100 890 1034)
3(1136 772 1274)
3(1210 939 1027)
3(1195 751 1009)
3(1012 825 1184)
3(1185 826 1013)
3(1140 830 1000)
3(1054 942 1140)
3(1133 747 1004)
3(1227 794 1002)
3(1034 784 1100)
3(1169 833 992)
3(1194 836 1102)
3(1198 123 122)
3(1278 787 1099)
3(981 792 1284)
3(1251 755 1073)
3(1072 756 1252)
3(1170 809 1058)
3(1105 848 1052)
3(1198 844 1025)
3(1031 846 1276)
3(1181 119 118)
3(1233 845 1175)
3(1151 871 1257)
3(1256 870 1152)
3(1025 123 1198)
3(1156 837 1255)
3(1227 827 983)
3(992 836 1194)
3(1172 831 1048)
3(1095 931 1191)
3(1191 826 989)
3(1019 831 1132)
3(1074 917 1289)
3(1181 118 998)
3(1181 879 1118)
3(1183 760 1104)
3(1104 868 1183)
3(1218 965 1092)
3(1118 119 1181)
3(1182 867 1110)
3(1241 835 991)
3(1286 98 97)
3(1285 141 140)
3(984 740 1268)
3(1267 739 985)
3(1197 906 1167)
3(995 781 1200)
3(1049 955 1190)
3(1167 837 1197)
3(1203 89 88)
3(1204 150 149)
3(1259 832 1052)
3(1110 759 1182)
3(1239 825 1012)
3(1013 826 1240)
3(1136 815 1044)
3(1004 844 1247)
3(1129 861 1215)
3(1091 818 1200)
3(991 734 1241)
3(1236 146 145)
3(1237 93 92)
3(991 785 1261)
3(1113 838 1214)
3(1213 839 1112)
3(1078 757 1143)
3(1144 758 1077)
3(1143 842 1078)
3(1077 841 1144)
3(1000 830 1205)
3(1282 868 1104)
3(1217 939 1047)
3(1003 746 1255)
3(1263 109 108)
3(1262 130 129)
3(1131 821 1036)
3(1161 725 1023)
3(1115 819 1079)
3(1023 834 1161)
3(1266 742 999)
3(1275 906 1197)
3(1059 815 1136)
3(1009 827 1195)
3(1229 844 1004)
3(1063 834 1114)
3(1184 739 1012)
3(1013 740 1185)
3(1057 751 1195)
3(1001 750 1282)
3(1168 773 1024)
3(1140 730 1054)
3(1281 728 1043)
3(1037 849 1297)
3(1263 108 1010)
3(1011 130 1262)
3(1283 954 1111)
3(1204 149 1017)
3(1018 89 1203)
3(1032 913 1267)
3(1268 914 1033)
3(1017 860 1204)
3(1203 859 1018)
3(1005 727 1271)
3(1110 867 1109)
3(1073 856 1251)
3(1252 857 1072)
3(1159 922 1128)
3(1035 741 1272)
3(1010 904 1263)
3(1262 905 1011)
3(1272 854 1035)
3(1190 802 1049)
3(1109 830 1110)
3(1269 800 1009)
3(1226 907 1084)
3(1211 849 1145)
3(1136 842 1059)
3(1222 850 1290)
3(1291 851 1221)
3(1292 880 1081)
3(1082 881 1293)
3(1087 731 1180)
3(1043 836 1281)
3(1081 764 1292)
3(1293 763 1082)
3(1297 797 1037)
3(1035 854 1277)
3(1277 793 1035)
3(1063 750 1218)
3(1134 892 1266)
3(1198 122 1046)
3(1048 733 1172)
3(1257 779 1151)
3(1152 778 1256)
3(1092 834 1218)
3(1191 793 1095)
3(1298 754 1055)
3(1055 866 1298)
3(1071 824 1155)
3(1197 736 1275)
3(1212 928 1051)
3(1092 962 1161)
3(1161 834 1092)
3(1061 810 1201)
3(1107 950 1296)
3(1265 852 1020)
3(1021 853 1264)
3(1196 876 1234)
3(1201 810 1068)
3(1295 1048 1162)
3(1174 899 1061)
3(1053 845 1233)
3(1233 807 1053)
3(1200 969 1091)
3(1017 880 1292)
3(1293 881 1018)
3(1275 736 1122)
3(1046 844 1198)
3(1036 821 1232)
3(1294 831 1019)
3(1030 890 1258)
3(1050 835 1241)
3(1046 823 1247)
3(1247 844 1046)
3(1047 801 1217)
3(1238 938 1083)
3(1079 819 1296)
3(1051 872 1212)
3(1296 869 1079)
3(1184 912 1119)
3(1120 911 1185)
3(1273 838 1138)
3(1119 739 1184)
3(1185 740 1120)
3(1041 755 1251)
3(1252 756 1040)
3(1292 764 1253)
3(1254 763 1293)
3(1180 858 1087)
3(1269 858 1180)
3(1271 934 1044)
3(1223 910 1089)
3(1228 877 1135)
3(1068 848 1201)
3(1135 770 1228)
3(1129 761 1196)
3(1196 861 1129)
3(1057 807 1233)
3(1218 834 1063)
3(1173 838 1273)
3(1118 879 1270)
3(1270 921 1118)
3(1248 854 1206)
3(1128 833 1159)
3(1052 732 1259)
3(1093 958 1208)
3(1209 959 1094)
3(1208 852 1093)
3(1094 853 1209)
3(1182 870 1256)
3(1257 871 1183)
3(1219 778 1152)
3(1056 808 1248)
3(1152 874 1219)
3(1059 842 1287)
3(1288 841 1060)
3(1151 779 1223)
3(1223 873 1151)
3(1295 877 1048)
3(1202 731 1087)
3(1234 861 1196)
3(1167 906 1141)
3(1141 797 1167)
3(1084 855 1226)
3(1089 873 1223)
3(1289 855 1074)
3(1225 884 1246)
3(1246 761 1225)
3(1122 865 1275)
3(1234 876 1172)
3(1287 737 1059)
3(1060 738 1288)
3(1083 869 1238)
3(1281 836 1160)
3(1254 859 1193)
3(1192 860 1253)
3(1078 842 1274)
3(1113 98 1286)
3(1285 140 1112)
3(1193 908 1254)
3(1253 909 1192)
3(1106 937 1243)
3(1133 1004 1247)
3(1225 761 1129)
3(1265 101 1093)
3(1094 137 1264)
3(1283 822 1087)
3(1093 852 1265)
3(1264 853 1094)
3(1087 858 1283)
3(1220 116 1101)
3(1297 849 1211)
3(1187 884 1225)
3(1225 847 1187)
3(1176 873 1199)
3(1145 849 1199)
3(1169 992 1194)
3(1276 846 1088)
3(1243 878 1106)
3(1215 847 1129)
3(1085 757 1290)
3(1291 758 1086)
3(1199 762 1145)
3(1129 847 1225)
3(1194 747 1169)
3(1199 849 1176)
3(1230 109 1263)
3(1262 129 1231)
3(1231 905 1262)
3(1263 904 1230)
3(1166 859 1203)
3(1204 860 1165)
3(1203 88 1166)
3(1165 150 1204)
3(1162 831 1294)
3(1298 866 1260)
3(1260 923 1298)
3(1294 947 1162)
3(1224 906 1275)
3(1296 819 1107)
3(1111 822 1283)
3(1272 953 1206)
3(1247 823 1133)
3(1112 862 1285)
3(1286 863 1113)
3(1135 855 1289)
3(1258 732 1159)
3(1274 842 1136)
3(1172 733 1234)
3(1246 884 1219)
3(1255 949 1156)
3(1273 754 1298)
3(1298 923 1273)
3(1138 754 1273)
3(1162 766 1295)
3(1289 770 1135)
3(1256 867 1182)
3(1183 868 1257)
3(1250 787 1278)
3(1278 903 1250)
3(1160 929 1281)
3(1273 923 1173)
3(1219 874 1246)
3(1206 854 1272)
3(1259 732 1258)
3(1258 890 1259)
3(1275 865 1224)
3(1211 936 1297)
3(1278 891 1280)
3(1280 903 1278)
3(1079 869 11)
3(1074 855 15)
3(855 1084 15)
3(938 1096 9)
3(1097 937 21)
3(869 1083 11)
3(878 19 1106)
3(1148 19 878)
3(917 1074 16)
3(1096 908 8)
3(909 1097 22)
3(908 1193 7)
3(1192 909 23)
3(907 1115 13)
3(1084 907 14)
3(1080 917 17)
3(1193 1166 6)
3(1165 1192 24)
3(1083 938 10)
3(937 1106 20)
3(150 1165 0)
3(1166 88 3)
3(1115 1079 12)
3(1148 1080 18)
4(34 35 140 141)
4(32 33 142 143)
4(40 41 134 135)
4(35 36 139 140)
4(30 31 144 145)
4(44 45 130 131)
4(26 27 148 149)
4(36 37 138 139)
4(41 42 133 134)
4(33 34 141 142)
4(42 43 132 133)
4(28 29 146 147)
4(39 40 135 136)
4(1 5 129 46)
4(38 39 136 137)
4(27 28 147 148)
4(43 44 131 132)
4(31 32 143 144)
4(37 38 137 138)
4(25 26 149 150)
4(45 46 129 130)
4(29 30 145 146)
3(25 150 0)
4(47 128 5 1)
4(52 123 124 51)
4(57 118 119 56)
4(2 4 110 65)
4(61 62 113 114)
4(74 75 100 101)
4(72 73 102 103)
4(54 55 120 121)
4(49 50 125 126)
4(59 60 115 116)
4(79 80 95 96)
4(63 64 111 112)
4(2 66 109 4)
4(68 69 106 107)
4(76 77 98 99)
4(85 86 89 90)
4(83 84 91 92)
4(67 68 107 108)
4(60 61 114 115)
4(55 56 119 120)
4(50 51 124 125)
4(64 65 110 111)
4(62 63 112 113)
4(47 48 127 128)
4(52 53 122 123)
4(57 58 117 118)
4(58 59 116 117)
4(53 54 121 122)
4(48 49 126 127)
4(81 82 93 94)
4(70 71 104 105)
4(84 85 90 91)
4(71 72 103 104)
4(77 78 97 98)
4(73 74 101 102)
4(80 81 94 95)
4(78 79 96 97)
4(86 87 88 89)
4(66 67 108 109)
4(75 76 99 100)
4(82 83 92 93)
4(69 70 105 106)
3(87 3 88)
)


// ************************************************************************* //
