/*--------------------------------*- C++ -*----------------------------------*\
| =========                 |                                                 |
| \\      /  F ield         | OpenFOAM: The Open Source CFD Toolbox           |
|  \\    /   O peration     | Version:  v1706                                 |
|   \\  /    A nd           | Web:      www.OpenFOAM.com                      |
|    \\/     M anipulation  |                                                 |
\*---------------------------------------------------------------------------*/
FoamFile
{
    version     2.0;
    format      ascii;
    class       labelList;
    note        "nPoints:1299  nCells:1232  nFaces:4335  nInternalFaces:1805";
    location    "constant/cap/polyMesh";
    object      neighbour;
}
// * * * * * * * * * * * * * * * * * * * * * * * * * * * * * * * * * * * * * //


1805
(
1211
1226
1212
1227
1216
1223
1221
1222
1217
1219
1218
1220
1208
1230
1209
1216
1221
1230
1219
1224
1220
1225
1210
1222
1225
1228
1224
1229
1215
1231
1213
1226
1223
1231
1214
1227
1211
1217
1212
1218
21
148
604
351
540
23
39
832
652
739
98
706
733
50
91
487
55
186
427
56
187
426
107
176
647
30
185
327
495
921
114
142
819
115
117
989
35
61
443
36
62
444
502
938
503
798
74
191
416
40
188
333
50
451
642
708
84
172
1200
44
256
599
59
89
646
64
884
46
81
997
65
196
71
156
931
106
165
930
68
170
513
100
82
466
83
465
127
244
399
118
129
233
132
183
133
184
215
277
312
70
893
918
87
771
110
408
523
63
170
64
169
253
886
795
283
431
184
223
285
183
224
284
211
1072
261
308
678
345
1162
153
1111
79
140
600
80
141
601
347
573
109
160
472
108
161
473
78
169
256
514
1019
362
732
363
731
338
650
264
565
263
564
153
646
104
201
789
105
202
790
153
693
89
229
307
422
105
128
167
818
976
107
138
1045
99
205
469
101
551
973
100
552
974
154
337
1031
155
336
1032
390
1087
198
241
832
467
831
120
360
546
199
241
800
416
139
726
998
297
355
296
354
494
608
137
521
1155
113
490
1192
538
727
355
1129
354
1128
119
168
965
204
841
278
708
807
811
346
983
252
341
1063
251
342
1062
231
328
438
132
397
861
133
398
860
130
683
916
311
1046
192
329
136
293
244
793
177
218
970
623
624
225
251
254
226
252
255
205
609
655
686
249
612
1115
1152
149
1012
150
1013
282
905
157
457
774
158
458
775
219
328
703
174
258
350
168
411
711
174
633
447
482
448
483
194
290
370
162
327
440
195
553
196
554
456
486
270
814
271
813
216
866
883
270
895
271
896
686
885
217
344
1066
206
242
754
578
1010
212
409
702
715
1118
1083
1082
200
524
576
850
1125
262
442
1036
197
195
519
700
499
1173
767
967
234
454
682
235
453
681
182
305
767
300
361
488
240
1151
265
266
188
228
284
447
285
448
370
192
202
359
191
201
358
463
464
282
287
863
333
1075
738
739
436
572
542
609
288
1206
356
1174
556
555
220
588
692
232
577
286
208
709
315
667
707
777
996
245
263
266
246
264
265
250
559
669
733
380
451
487
314
433
1109
321
745
1039
1116
760
1215
521
927
752
916
561
660
236
553
738
237
554
739
1002
1001
553
1027
554
1028
232
353
692
230
279
455
771
594
642
941
393
333
378
838
869
839
870
831
891
832
892
301
650
1211
302
429
1212
425
1089
756
649
714
290
404
616
328
267
1166
268
1167
249
269
1044
306
638
906
297
253
1015
729
728
1035
736
824
737
823
579
364
562
566
361
879
281
330
617
307
401
817
365
858
746
786
624
623
1016
1017
465
822
466
821
271
815
517
309
347
893
289
310
1197
291
309
423
292
310
424
279
647
894
280
1037
286
445
432
579
987
699
778
478
401
652
735
734
507
460
613
766
865
329
491
570
757
890
758
1196
295
378
296
517
588
509
667
353
882
375
583
376
582
357
954
324
1217
325
1218
304
634
701
344
1156
418
967
421
1068
313
711
866
463
464
793
865
394
676
437
520
768
1187
533
1091
386
567
673
385
568
672
339
429
519
413
595
414
596
743
1106
478
486
1107
428
515
934
338
534
339
535
439
786
948
432
753
332
984
388
547
898
340
616
406
523
563
340
495
699
338
627
339
628
570
1005
1004
469
479
725
635
569
914
365
862
569
366
1135
367
1136
351
834
1060
402
1038
354
863
476
499
500
1058
372
1006
373
1007
678
1092
389
386
385
402
571
419
971
420
972
369
656
1105
524
744
921
377
648
724
860
952
861
951
400
544
990
458
526
457
527
722
1130
1048
394
705
759
693
771
419
665
740
420
666
741
384
418
1089
679
1114
389
1051
1058
773
816
879
909
1021
393
536
649
403
1034
1100
943
1037
476
668
859
407
525
1088
592
951
593
952
438
782
468
1021
543
902
445
748
405
1075
591
794
619
890
726
1010
428
532
410
718
511
698
866
1186
415
436
1056
480
968
481
969
558
585
618
421
610
704
1069
657
520
770
497
993
498
994
807
1157
450
593
449
592
915
430
634
750
435
817
977
867
927
467
780
1134
724
997
879
687
897
802
617
970
495
655
577
578
1108
605
996
482
922
483
923
1110
452
639
840
904
903
482
1078
483
1077
455
571
980
620
712
621
713
543
531
693
690
691
460
629
1020
960
468
887
1037
484
646
770
1006
1007
1204
987
756
513
567
670
514
568
671
474
1128
475
1129
620
839
621
838
908
496
733
929
960
507
937
645
653
644
654
810
856
487
531
819
905
677
834
548
760
1223
1090
1116
864
1046
662
823
663
824
795
915
995
1095
952
1006
951
1007
924
509
591
504
560
780
911
1078
910
1077
539
643
540
874
1095
508
740
1097
748
576
744
779
528
664
933
512
677
669
833
877
876
874
990
611
765
800
522
549
589
657
750
888
778
816
853
999
908
643
1033
719
720
701
750
537
685
985
580
867
1155
905
540
604
542
925
627
1137
628
1138
692
714
689
1221
1121
1183
783
1088
546
940
1193
800
652
599
934
550
642
788
548
674
721
983
557
1180
1100
1110
574
1158
575
1159
565
626
564
625
566
812
1014
1184
640
979
1119
1176
851
868
846
1099
631
757
789
790
902
785
784
991
921
857
845
1014
926
991
891
1025
892
1026
1199
943
841
955
688
1194
585
925
1091
586
797
587
796
658
683
959
1102
602
712
603
713
854
614
914
632
937
938
1048
1081
1080
781
788
602
797
603
796
606
1009
1063
607
1008
1062
987
904
903
681
682
630
675
978
1085
1132
1084
1133
631
798
667
614
917
925
959
613
882
913
1162
622
659
687
749
762
932
918
1030
895
896
685
1177
626
625
860
861
1085
1084
912
913
999
1198
961
725
962
843
1198
1139
695
862
711
772
811
841
878
963
752
849
1033
1205
875
908
742
871
887
1120
847
1026
848
1025
781
651
1073
755
651
997
663
716
662
717
699
880
979
849
906
1203
888
1175
684
828
710
718
945
969
968
700
956
804
1103
803
1104
787
924
929
830
881
806
829
731
876
732
877
676
759
680
1195
723
825
883
680
746
1040
848
847
765
761
854
696
688
1052
1011
727
1022
712
895
713
896
698
749
769
980
1188
697
727
1175
1192
966
1047
1188
710
1003
941
942
764
1101
828
887
1003
1147
779
1051
1110
710
1178
851
751
799
736
1025
737
1026
1049
775
949
774
950
723
741
1052
1076
745
897
730
776
823
824
758
920
1013
1012
903
904
891
892
1064
971
972
1021
1087
805
955
1103
1104
1069
748
1035
1043
1061
753
782
1098
1046
1117
1144
978
996
837
961
962
761
1231
773
986
992
810
936
939
1068
1184
766
793
768
1150
984
1049
939
858
1023
853
1181
1182
1000
1163
945
1036
970
1058
907
924
1148
907
963
829
830
992
788
1179
1133
1169
1225
1132
1168
1224
954
1061
798
1148
842
933
980
1148
1143
1142
806
1054
1019
855
872
1142
873
1143
1127
1160
849
1099
815
901
816
900
1191
897
819
1113
855
1122
1152
835
836
954
966
838
976
1113
839
975
1112
868
873
872
1126
834
1059
1164
1165
920
1206
842
1120
956
844
845
935
1131
852
946
1159
1158
856
1093
1117
917
1101
854
1160
1055
858
1205
875
1179
1066
882
865
1207
1041
871
974
1159
973
1158
1029
1053
1054
995
1015
1083
1082
1010
1088
881
1053
1072
1090
915
934
977
1020
938
1043
1067
936
1057
1172
893
912
998
900
972
901
971
1079
1181
1182
1070
916
1185
990
995
961
993
962
994
977
998
1140
1154
935
932
1038
1196
1012
1082
1013
1083
932
1065
1155
941
946
1059
1040
1108
1041
1107
1188
1154
1039
1043
1067
1123
1216
946
1098
944
978
1195
1042
960
1011
1194
967
1069
1135
1136
956
988
1119
1019
1005
1170
1004
1171
1102
989
991
1071
1140
1094
1157
1061
975
976
1134
1072
1001
1164
1002
1165
1066
986
1074
1230
1050
1047
1176
1024
1096
1080
1081
1030
1033
1149
1016
1017
1178
1008
1009
1169
1168
1020
1101
1018
1167
1166
1034
1201
1121
1222
1149
1153
1112
1185
1031
1062
1032
1063
1086
1117
1131
1084
1085
1035
1096
1065
1186
1114
1109
1050
1096
1045
1189
1173
1064
1075
1050
1056
1177
1145
1146
1118
1127
1091
1116
1192
1060
1095
1126
1071
1172
1203
1071
1180
1130
1226
1076
1177
1208
1080
1081
1097
1191
1087
1147
1122
1092
1193
1094
1141
1118
1199
1099
1201
1202
1105
1106
1145
1146
1194
1195
1111
1200
1128
1129
1115
1122
1120
1210
1183
1209
1125
1150
1187
1141
1204
1186
1213
1198
1137
1138
1185
1182
1181
1219
1220
1156
1227
1180
1161
1145
1146
1147
1178
1205
1151
1161
1163
1160
1163
1162
1214
1161
1167
1166
1170
1171
1229
1228
1175
1174
1190
1204
1201
1193
1202
1200
1190
1191
1199
1197
1207
1203
1207
1213
1210
1215
)


// ************************************************************************* //
