/*--------------------------------*- C++ -*----------------------------------*\
| =========                 |                                                 |
| \\      /  F ield         | OpenFOAM: The Open Source CFD Toolbox           |
|  \\    /   O peration     | Version:  v1706                                 |
|   \\  /    A nd           | Web:      www.OpenFOAM.com                      |
|    \\/     M anipulation  |                                                 |
\*---------------------------------------------------------------------------*/
FoamFile
{
    version     2.0;
    format      ascii;
    class       vectorField;
    location    "constant/cap/polyMesh";
    object      points;
}
// * * * * * * * * * * * * * * * * * * * * * * * * * * * * * * * * * * * * * //


1299
(
(0 0.075 0)
(0.04495717 0.075 -0.0019628724)
(0.04495717 0.115 -0.0019628724)
(0 0.115 0)
(0.04495717 0.115 0.0019628724)
(0.04495717 0.075 0.0019628724)
(0 0.113 0)
(0 0.111 0)
(0 0.109 0)
(0 0.107 0)
(0 0.105 0)
(0 0.103 0)
(0 0.101 0)
(0 0.099 0)
(0 0.097 0)
(0 0.095 0)
(0 0.093 0)
(0 0.091 0)
(0 0.089 0)
(0 0.087 0)
(0 0.085 0)
(0 0.083 0)
(0 0.081 0)
(0 0.079 0)
(0 0.077 0)
(0.0019546596 0.075 -8.534228e-05)
(0.0039093191 0.075 -0.00017068456)
(0.0058639787 0.075 -0.00025602684)
(0.0078186383 0.075 -0.00034136912)
(0.0097732978 0.075 -0.0004267114)
(0.011727957 0.075 -0.00051205368)
(0.013682617 0.075 -0.00059739596)
(0.015637277 0.075 -0.00068273824)
(0.017591936 0.075 -0.00076808052)
(0.019546596 0.075 -0.0008534228)
(0.021501255 0.075 -0.00093876508)
(0.023455915 0.075 -0.0010241074)
(0.025410574 0.075 -0.0011094496)
(0.027365234 0.075 -0.0011947919)
(0.029319893 0.075 -0.0012801342)
(0.031274553 0.075 -0.0013654765)
(0.033229213 0.075 -0.0014508188)
(0.035183872 0.075 -0.001536161)
(0.037138532 0.075 -0.0016215033)
(0.039093191 0.075 -0.0017068456)
(0.041047851 0.075 -0.0017921879)
(0.04300251 0.075 -0.0018775302)
(0.04495717 0.077 -0.0019628724)
(0.04495717 0.079 -0.0019628724)
(0.04495717 0.081 -0.0019628724)
(0.04495717 0.083 -0.0019628724)
(0.04495717 0.085 -0.0019628724)
(0.04495717 0.087 -0.0019628724)
(0.04495717 0.089 -0.0019628724)
(0.04495717 0.091 -0.0019628724)
(0.04495717 0.093 -0.0019628724)
(0.04495717 0.095 -0.0019628724)
(0.04495717 0.097 -0.0019628724)
(0.04495717 0.099 -0.0019628724)
(0.04495717 0.101 -0.0019628724)
(0.04495717 0.103 -0.0019628724)
(0.04495717 0.105 -0.0019628724)
(0.04495717 0.107 -0.0019628724)
(0.04495717 0.109 -0.0019628724)
(0.04495717 0.111 -0.0019628724)
(0.04495717 0.113 -0.0019628724)
(0.04300251 0.115 -0.0018775302)
(0.041047851 0.115 -0.0017921879)
(0.039093191 0.115 -0.0017068456)
(0.037138532 0.115 -0.0016215033)
(0.035183872 0.115 -0.001536161)
(0.033229213 0.115 -0.0014508188)
(0.031274553 0.115 -0.0013654765)
(0.029319893 0.115 -0.0012801342)
(0.027365234 0.115 -0.0011947919)
(0.025410574 0.115 -0.0011094496)
(0.023455915 0.115 -0.0010241074)
(0.021501255 0.115 -0.00093876508)
(0.019546596 0.115 -0.0008534228)
(0.017591936 0.115 -0.00076808052)
(0.015637277 0.115 -0.00068273824)
(0.013682617 0.115 -0.00059739596)
(0.011727957 0.115 -0.00051205368)
(0.0097732978 0.115 -0.0004267114)
(0.0078186383 0.115 -0.00034136912)
(0.0058639787 0.115 -0.00025602684)
(0.0039093191 0.115 -0.00017068456)
(0.0019546596 0.115 -8.534228e-05)
(0.0019546596 0.115 8.534228e-05)
(0.0039093191 0.115 0.00017068456)
(0.0058639787 0.115 0.00025602684)
(0.0078186383 0.115 0.00034136912)
(0.0097732978 0.115 0.0004267114)
(0.011727957 0.115 0.00051205368)
(0.013682617 0.115 0.00059739596)
(0.015637277 0.115 0.00068273824)
(0.017591936 0.115 0.00076808052)
(0.019546596 0.115 0.0008534228)
(0.021501255 0.115 0.00093876508)
(0.023455915 0.115 0.0010241074)
(0.025410574 0.115 0.0011094496)
(0.027365234 0.115 0.0011947919)
(0.029319893 0.115 0.0012801342)
(0.031274553 0.115 0.0013654765)
(0.033229213 0.115 0.0014508188)
(0.035183872 0.115 0.001536161)
(0.037138532 0.115 0.0016215033)
(0.039093191 0.115 0.0017068456)
(0.041047851 0.115 0.0017921879)
(0.04300251 0.115 0.0018775302)
(0.04495717 0.113 0.0019628724)
(0.04495717 0.111 0.0019628724)
(0.04495717 0.109 0.0019628724)
(0.04495717 0.107 0.0019628724)
(0.04495717 0.105 0.0019628724)
(0.04495717 0.103 0.0019628724)
(0.04495717 0.101 0.0019628724)
(0.04495717 0.099 0.0019628724)
(0.04495717 0.097 0.0019628724)
(0.04495717 0.095 0.0019628724)
(0.04495717 0.093 0.0019628724)
(0.04495717 0.091 0.0019628724)
(0.04495717 0.089 0.0019628724)
(0.04495717 0.087 0.0019628724)
(0.04495717 0.085 0.0019628724)
(0.04495717 0.083 0.0019628724)
(0.04495717 0.081 0.0019628724)
(0.04495717 0.079 0.0019628724)
(0.04495717 0.077 0.0019628724)
(0.04300251 0.075 0.0018775302)
(0.041047851 0.075 0.0017921879)
(0.039093191 0.075 0.0017068456)
(0.037138532 0.075 0.0016215033)
(0.035183872 0.075 0.001536161)
(0.033229213 0.075 0.0014508188)
(0.031274553 0.075 0.0013654765)
(0.029319893 0.075 0.0012801342)
(0.027365234 0.075 0.0011947919)
(0.025410574 0.075 0.0011094496)
(0.023455915 0.075 0.0010241074)
(0.021501255 0.075 0.00093876508)
(0.019546596 0.075 0.0008534228)
(0.017591936 0.075 0.00076808052)
(0.015637277 0.075 0.00068273824)
(0.013682617 0.075 0.00059739596)
(0.011727957 0.075 0.00051205368)
(0.0097732978 0.075 0.0004267114)
(0.0078186383 0.075 0.00034136912)
(0.0058639787 0.075 0.00025602684)
(0.0039093191 0.075 0.00017068456)
(0.0019546596 0.075 8.534228e-05)
(0.024433245 0.095 -0.0010667785)
(0.013472387 0.10172786 -0.00058821712)
(0.013733319 0.088259007 -0.00059960965)
(0.033071108 0.087121373 -0.0014439158)
(0.033181867 0.10317026 -0.0014487516)
(0.022733878 0.10494072 -0.00099258256)
(0.022733878 0.085059276 -0.00099258256)
(0.036249195 0.095 -0.001582674)
(0.0079504449 0.09501126 -0.00034712392)
(0.016735453 0.095 -0.00073068566)
(0.0075877939 0.10722863 -0.00033129024)
(0.0074741244 0.082519331 -0.00032632732)
(0.016551674 0.082012579 -0.00072266169)
(0.016551674 0.10798742 -0.00072266169)
(0.038033796 0.081935122 -0.0016605914)
(0.038033796 0.10806488 -0.0016605914)
(0.028729652 0.10833317 -0.0012543637)
(0.028916918 0.081707376 -0.0012625399)
(0.03034122 0.092624764 -0.0013247263)
(0.026974631 0.10021664 -0.0011777378)
(0.0063462578 0.10090633 -0.0002770836)
(0.0063482144 0.088999138 -0.00027716903)
(0.039003022 0.089348438 -0.0017029087)
(0.038866319 0.10042898 -0.0016969401)
(0.02113605 0.099737851 -0.00092281986)
(0.020704654 0.090579374 -0.00090398472)
(0.027455391 0.087651472 -0.0011987283)
(0.031759742 0.097685749 -0.0013866603)
(0.021234548 0.080138046 -0.00092712039)
(0.020993323 0.10981966 -0.0009165883)
(0.033365936 0.10994486 -0.0014567882)
(0.033365936 0.080055136 -0.0014567882)
(0.011868804 0.079982431 -0.00051820319)
(0.011868804 0.11001757 -0.00051820319)
(0.018066273 0.10402729 -0.00078879052)
(0.017810317 0.086263079 -0.00077761524)
(0.012515381 0.09692137 -0.00054643332)
(0.0119995 0.092451065 -0.00052390949)
(0.0045072894 0.11050048 -0.0001967925)
(0.0045072894 0.079499517 -0.0001967925)
(0.040267811 0.093556625 -0.0017581306)
(0.0044267634 0.097070592 -0.00019327666)
(0.03440731 0.091040951 -0.0015022556)
(0.040635403 0.085414133 -0.00177418)
(0.040458659 0.10456311 -0.0017664632)
(0.0043119016 0.092748808 -0.00018826169)
(0.01142759 0.10607108 -0.00049893933)
(0.011851347 0.084522818 -0.00051744099)
(0.0042588343 0.10476816 -0.00018594472)
(0.0042662035 0.085158804 -0.00018626647)
(0.02526172 0.11076845 -0.0011029505)
(0.025596706 0.079293896 -0.0011175763)
(0.024676442 0.090823818 -0.0010773967)
(0.016405477 0.099179026 -0.00071627859)
(0.016580905 0.090897601 -0.00072393797)
(0.026620626 0.10438293 -0.0011622816)
(0.028700891 0.096052083 -0.001253108)
(0.041208809 0.078734064 -0.0017992155)
(0.041208809 0.11126594 -0.0017992155)
(0.041039996 0.097545602 -0.0017918449)
(0.02065151 0.095604207 -0.00090166441)
(0.036626352 0.08557188 -0.0015991411)
(0.036737809 0.10459724 -0.0016040074)
(0.007991676 0.078822061 -0.00034892411)
(0.007991676 0.11117794 -0.00034892411)
(0.0098630497 0.10015589 -0.00043063005)
(0.035089591 0.099942749 -0.0015320446)
(0.024021239 0.098654455 -0.0010487899)
(0.031956664 0.10678189 -0.0013952581)
(0.031925211 0.083399469 -0.0013938848)
(0.017909888 0.078636856 -0.00078196259)
(0.017909888 0.11136314 -0.00078196259)
(0.0097215048 0.087438232 -0.00042445006)
(0.037065982 0.11133535 -0.0016183357)
(0.037065982 0.078664653 -0.0016183357)
(0.026204087 0.084290992 -0.0011440951)
(0.030207071 0.11152155 -0.0013188692)
(0.030206874 0.078329056 -0.0013188606)
(0.0086561548 0.10399282 -0.00037793588)
(0.019593329 0.083168579 -0.00085546323)
(0.019643551 0.10682431 -0.00085765596)
(0.0086609124 0.091957193 -0.0003781436)
(0.03065636 0.089242877 -0.0013384856)
(0.029720209 0.10297577 -0.0012976124)
(0.02544637 0.10735492 -0.0011110125)
(0.032787866 0.094733338 -0.0014315492)
(0.023941348 0.10200261 -0.0010453018)
(0.014657216 0.07809121 -0.00063994787)
(0.014657216 0.11190879 -0.00063994787)
(0.01490252 0.10508494 -0.00065065808)
(0.01490252 0.08491506 -0.00065065808)
(0.041414226 0.082113848 -0.0018081842)
(0.041414226 0.10788615 -0.0018081842)
(0.027091086 0.093170645 -0.0011828224)
(0.0031897939 0.10013739 -0.00013926941)
(0.023637343 0.08204933 -0.0010320287)
(0.002971764 0.089655595 -0.00012975002)
(0.022878197 0.088191941 -0.00099888363)
(0.041833321 0.09057139 -0.0018264822)
(0.04202601 0.10134955 -0.0018348952)
(0.035083024 0.082983018 -0.0015317579)
(0.035100223 0.10701959 -0.0015325088)
(0.029304402 0.085132939 -0.0012794578)
(0.003126917 0.10780085 -0.00013652415)
(0.003074607 0.08230886 -0.00013424024)
(0.020734408 0.10256184 -0.00090528379)
(0.007430718 0.09800333 -0.00032443215)
(0.037484292 0.097743754 -0.0016365996)
(0.037328381 0.092088174 -0.0016297923)
(0.022183371 0.093053247 -0.0009685469)
(0.018906408 0.093147167 -0.00082547162)
(0.035879096 0.08849912 -0.0015665152)
(0.0071722613 0.085608985 -0.00031314769)
(0.022846169 0.11221399 -0.00099748527)
(0.022846169 0.077786009 -0.00099748527)
(0.029934778 0.10001528 -0.0013069806)
(0.013662444 0.10779821 -0.00059651517)
(0.01358755 0.082348579 -0.00059324524)
(0.020412887 0.086495783 -0.0008912459)
(0.04219541 0.087916481 -0.0018422914)
(0.028241391 0.090568188 -0.0012330458)
(0.018702778 0.097626906 -0.00081658092)
(0.01396426 0.094646207 -0.00060969276)
(0.034716127 0.097164594 -0.0015157389)
(0.011121131 0.089964942 -0.00048555909)
(0.010750628 0.077520891 -0.00046938254)
(0.010750628 0.11247911 -0.00046938254)
(0.027631995 0.11231589 -0.001206439)
(0.02766178 0.077688206 -0.0012077394)
(0.029322395 0.10595178 -0.0012802434)
(0.0026072524 0.094925381 -0.0001138351)
(0.03456975 0.11284391 -0.0015093479)
(0.03456975 0.077156094 -0.0015093479)
(0.025215239 0.087070955 -0.0011009211)
(0.0030360047 0.11247103 -0.00013255483)
(0.0030360047 0.077528967 -0.00013255483)
(0.011243407 0.094949854 -0.00049089773)
(0.020012284 0.077615292 -0.00087375517)
(0.020012284 0.11238471 -0.00087375517)
(0.010287887 0.10778673 -0.00044917886)
(0.010008684 0.081881346 -0.00043698858)
(0.022443985 0.10691071 -0.00097992555)
(0.018458273 0.1010039 -0.00080590559)
(0.0183463 0.089154064 -0.00080101675)
(0.0026163312 0.10270905 -0.00011423148)
(0.015630007 0.10192114 -0.00068242085)
(0.015634884 0.088104405 -0.00068263378)
(0.026689771 0.098112165 -0.0011653006)
(0.013833322 0.090881738 -0.00060397588)
(0.013459301 0.099495224 -0.00058764579)
(0.033064736 0.10082125 -0.0014436375)
(0.0099005191 0.09722169 -0.000432266)
(0.0062571947 0.094765327 -0.00027319502)
(0.0025694247 0.087279245 -0.0001121835)
(0.042348842 0.095494725 -0.0018489904)
(0.0060705148 0.077517075 -0.0002650444)
(0.0060705148 0.11248292 -0.0002650444)
(0.031100555 0.10906855 -0.0013578795)
(0.031137974 0.081152676 -0.0013595133)
(0.014972189 0.097004815 -0.00065369991)
(0.010269239 0.10215688 -0.00044836465)
(0.018706341 0.080968602 -0.00081673648)
(0.018788688 0.10903406 -0.00082033183)
(0.039052311 0.1124376 -0.0017050607)
(0.039052311 0.077562396 -0.0017050607)
(0.038978382 0.094955393 -0.0017018329)
(0.036266309 0.10161616 -0.0015834212)
(0.026204754 0.081256605 -0.0011441242)
(0.017356957 0.084201724 -0.00075782109)
(0.016990339 0.10583952 -0.00074181424)
(0.022788204 0.096729636 -0.00099495446)
(0.0060560502 0.091540559 -0.00026441286)
(0.0052771809 0.10835601 -0.00023040669)
(0.0054568635 0.081755376 -0.00023825181)
(0.030493037 0.095049805 -0.0013313547)
(0.04251367 0.099182953 -0.0018561869)
(0.0066387308 0.10512378 -0.00028985325)
(0.038882064 0.087101269 -0.0016976276)
(0.039209884 0.10314686 -0.0017119405)
(0.042197161 0.11264679 -0.0018423678)
(0.042197161 0.077353213 -0.0018423678)
(0.0092485869 0.084471159 -0.00040380203)
(0.0020602849 0.097910514 -8.995398e-05)
(0.0018858324 0.10959947 -8.233722e-05)
(0.0018783595 0.080416199 -8.2010948e-05)
(0.015652815 0.093458141 -0.00068341666)
(0.035536471 0.10929738 -0.0015515558)
(0.035535575 0.080702754 -0.0015515167)
(0.0387719 0.083979078 -0.0016928177)
(0.038756871 0.10601899 -0.0016921615)
(0.031891668 0.090562268 -0.0013924203)
(0.030713421 0.086768595 -0.0013409769)
(0.0021901375 0.091789952 -9.5623467e-05)
(0.042724657 0.084034144 -0.0018653988)
(0.042646076 0.10605198 -0.0018619679)
(0.022901206 0.10027464 -0.00099988824)
(0.042659355 0.092681673 -0.0018625476)
(0.034687275 0.093371031 -0.0015144791)
(0.02388952 0.10971338 -0.001043039)
(0.031861657 0.11276488 -0.00139111)
(0.03186164 0.077222421 -0.0013911092)
(0.03912098 0.11009897 -0.0017080589)
(0.03912098 0.079901032 -0.0017080589)
(0.029711031 0.098014672 -0.0012972116)
(0.033253545 0.089120411 -0.0014518811)
(0.034548469 0.085153882 -0.0015084187)
(0.034441825 0.10499352 -0.0015037625)
(0.04270986 0.080410845 -0.0018647528)
(0.04270986 0.10958916 -0.0018647528)
(0.011538754 0.086340004 -0.00050379286)
(0.039496659 0.091475937 -0.0017244614)
(0.0085031767 0.088926849 -0.00037125671)
(0.0021663822 0.084270958 -9.458629e-05)
(0.0021519882 0.10568685 -9.3957834e-05)
(0.027360336 0.1102148 -0.0011945781)
(0.014852164 0.079855867 -0.00064845947)
(0.014852164 0.11014413 -0.00064845947)
(0.019858774 0.10402718 -0.00086705282)
(0.0093827523 0.10608237 -0.00040965981)
(0.008291348 0.10168082 -0.00036200807)
(0.031181374 0.10391486 -0.0013614082)
(0.021643211 0.082296506 -0.00094496301)
(0.0051112472 0.099178735 -0.00022316187)
(0.012952346 0.10409624 -0.00056551164)
(0.0046974737 0.087221806 -0.00020509613)
(0.0045757484 0.10275393 -0.00019978149)
(0.016443453 0.076931992 -0.00071793666)
(0.016443453 0.11306801 -0.00071793666)
(0.026991977 0.10678365 -0.0011784952)
(0.025632962 0.089048619 -0.0011191593)
(0.027497475 0.079890824 -0.0012005657)
(0.012605436 0.076927895 -0.00055036521)
(0.012605436 0.11307211 -0.00055036521)
(0.024882502 0.11291153 -0.0010863935)
(0.024844625 0.077369836 -0.0010847397)
(0.024625263 0.1040757 -0.0010751622)
(0.026335089 0.10224584 -0.0011498148)
(0.02499159 0.092946904 -0.0010911564)
(0.023231206 0.079939417 -0.0010142964)
(0.0060056282 0.084122261 -0.00026221139)
(0.022685466 0.090296939 -0.00099046884)
(0.042812233 0.10356097 -0.0018692225)
(0.0071847661 0.080724205 -0.00031369366)
(0.0071715635 0.10924766 -0.00031311723)
(0.026556154 0.096130438 -0.0011594667)
(0.040563556 0.099896755 -0.0017710431)
(0.010442656 0.093344442 -0.00045593622)
(0.0090485977 0.11321285 -0.00039507031)
(0.0090485977 0.07678715 -0.00039507031)
(0.0072092112 0.093358152 -0.00031476096)
(0.011734498 0.10080597 -0.00051233925)
(0.037201381 0.099858915 -0.0016242474)
(0.010063552 0.080080132 -0.00043938417)
(0.010083902 0.10989568 -0.00044027267)
(0.019186768 0.085322567 -0.00083771237)
(0.0068014086 0.10302886 -0.00029695591)
(0.024954491 0.10038591 -0.0010895366)
(0.018567465 0.091003744 -0.00081067303)
(0.029995075 0.083255781 -0.0013096132)
(0.039945752 0.10864044 -0.0017440692)
(0.039945752 0.081359561 -0.0017440692)
(0.024234761 0.083879731 -0.0010581125)
(0.020553677 0.097683019 -0.00089739292)
(0.034610845 0.10181253 -0.0015111421)
(0.033384987 0.10805116 -0.00145762)
(0.033349545 0.082005907 -0.0014560726)
(0.018721814 0.094962683 -0.00081741204)
(0.036163759 0.090424506 -0.0015789438)
(0.03611489 0.11310973 -0.0015768101)
(0.03611489 0.07689027 -0.0015768101)
(0.028779722 0.094002175 -0.0012565498)
(0.018645746 0.076550837 -0.00081409085)
(0.018645746 0.11344916 -0.00081409085)
(0.043190384 0.097371463 -0.0018857329)
(0.028220111 0.083764581 -0.0012321167)
(0.022579737 0.10315137 -0.0009858526)
(0.021068504 0.08841626 -0.00091987075)
(0.032415342 0.085127396 -0.0014152844)
(0.0077792631 0.087384632 -0.00033964996)
(0.040519447 0.088341195 -0.0017691173)
(0.014456649 0.086647187 -0.00063119092)
(0.010790989 0.10420613 -0.00047114478)
(0.031067566 0.10168972 -0.0013564392)
(0.032599094 0.092683836 -0.0014233072)
(0.027695511 0.085547607 -0.0012092121)
(0.040763257 0.11330767 -0.0017797622)
(0.040763257 0.076692325 -0.0017797622)
(0.036972389 0.083689272 -0.0016142494)
(0.037024188 0.10624003 -0.001616511)
(0.016606996 0.080254289 -0.00072507712)
(0.016616799 0.10974603 -0.00072550513)
(0.033613118 0.098552796 -0.0014675804)
(0.0044058202 0.076631595 -0.00019236226)
(0.0044058202 0.11336841 -0.00019236226)
(0.0078119784 0.099844115 -0.00034107834)
(0.02923248 0.11313694 -0.0012763176)
(0.02923248 0.076863065 -0.0012763176)
(0.014639487 0.103324 -0.00063917382)
(0.022493101 0.09476712 -0.00098207)
(0.0053722213 0.1061582 -0.00023455625)
(0.042895733 0.086305076 -0.0018728681)
(0.021189024 0.084584721 -0.00092513278)
(0.025589927 0.10906249 -0.0011172803)
(0.025007008 0.097257998 -0.0010918296)
(0.026644385 0.091147604 -0.001163319)
(0.038431889 0.09335028 -0.0016779725)
(0.016962945 0.096925176 -0.00074061818)
(0.040514125 0.083617059 -0.0017688849)
(0.040475503 0.10639172 -0.0017671986)
(0.040569616 0.095608926 -0.0017713077)
(0.03008727 0.10712229 -0.0013136386)
(0.0049057413 0.090149675 -0.00021418929)
(0.011542492 0.088197083 -0.00050395607)
(0.01985822 0.07946467 -0.00086702862)
(0.019641311 0.11076586 -0.00085755817)
(0.031558232 0.079253073 -0.0013778622)
(0.031944777 0.11096521 -0.0013947391)
(0.022321854 0.098607165 -0.00097459317)
(0.035002113 0.086949613 -0.0015282253)
(0.013155878 0.085356266 -0.00057439804)
(0.011416801 0.098449367 -0.00049846828)
(0.0431827 0.08940387 -0.0018853974)
(0.02921723 0.11000976 -0.0012756518)
(0.0069621262 0.096308286 -0.00030397299)
(0.02957875 0.080002022 -0.0012914361)
(0.017133624 0.092386572 -0.00074807018)
(0.028375981 0.099228252 -0.0012389221)
(0.036319068 0.096803993 -0.0015857248)
(0.029829505 0.090778099 -0.0013023843)
(0.020928216 0.10567577 -0.00091374566)
(0.020702551 0.10816396 -0.00090389291)
(0.027971408 0.10331138 -0.0012212581)
(0.029380316 0.087944891 -0.0012827723)
(0.024122467 0.10620064 -0.0010532097)
(0.015182481 0.083171298 -0.00066288142)
(0.015109819 0.10684607 -0.00065970896)
(0.031806244 0.096158508 -0.0013886906)
(0.013416952 0.10605113 -0.00058579676)
(0.020584349 0.092308614 -0.00089873208)
(0.018052075 0.082587871 -0.00078817062)
(0.018119292 0.10736483 -0.00079110538)
(0.028625666 0.10138327 -0.0012498236)
(0.028635402 0.092199839 -0.0012502487)
(0.034541605 0.095444977 -0.0015081191)
(0.043352617 0.082111767 -0.0018928161)
(0.0433369 0.10790546 -0.0018921299)
(0.039971949 0.10162464 -0.001745213)
(0.034992363 0.078783256 -0.0015277996)
(0.03499247 0.11121676 -0.0015278042)
(0.0017030346 0.093497467 -7.4356098e-05)
(0.0146052 0.11360978 -0.00063767679)
(0.0146052 0.076390219 -0.00063767679)
(0.012010665 0.10814261 -0.00052439695)
(0.011747169 0.081661229 -0.00051289246)
(0.0017563956 0.10116703 -7.6685889e-05)
(0.0013309688 0.089965955 -5.8111355e-05)
(0.0062280973 0.079250297 -0.0002719246)
(0.0062280973 0.1107497 -0.0002719246)
(0.0015378516 0.10410948 -6.7144051e-05)
(0.001606288 0.096305723 -7.0132047e-05)
(0.013153913 0.079015536 -0.00057431226)
(0.013153913 0.11098446 -0.00057431226)
(0.023556787 0.08666855 -0.0010285115)
(0.019024654 0.099376223 -0.00083063435)
(0.01364595 0.092579617 -0.00059579505)
(0.016147211 0.086226719 -0.00070500244)
(0.026097754 0.09443278 -0.0011394525)
(0.023338738 0.09206711 -0.0010189913)
(0.026551651 0.11349663 -0.0011592701)
(0.026469888 0.076456053 -0.0011557003)
(0.032531759 0.10518956 -0.0014203673)
(0.0013904743 0.108 -6.0709419e-05)
(0.0013904743 0.082 -6.0709419e-05)
(0.033495095 0.083745531 -0.0014624274)
(0.035490345 0.10354755 -0.0015495419)
(0.03905797 0.096786228 -0.0017053078)
(0.043666869 0.10186163 -0.0019065367)
(0.036976528 0.087150947 -0.0016144301)
(0.01624956 0.10368264 -0.00070947113)
(0.019113585 0.08760243 -0.00083451716)
(0.035788338 0.098395452 -0.0015625526)
(0.0014350596 0.085913414 -6.2656053e-05)
(0.0045671045 0.1009145 -0.00019940409)
(0.0042312888 0.083541185 -0.00018474206)
(0.020061403 0.10112555 -0.00087589979)
(0.019081074 0.10239002 -0.00083309767)
(0.024134994 0.089292278 -0.0010537566)
(0.02188226 0.076651273 -0.0009554001)
(0.02188226 0.11334873 -0.0009554001)
(0.020590092 0.09397384 -0.00089898284)
(0.0016400252 0.099536731 -7.1605049e-05)
(0.031888069 0.088156583 -0.0013922632)
(0.039035586 0.09871004 -0.0017043305)
(0.043425388 0.094344053 -0.0018959934)
(0.037260597 0.080486046 -0.0016268328)
(0.037260597 0.10951395 -0.0016268328)
(0.022687643 0.083573913 -0.0009905639)
(0.0087730695 0.081273961 -0.00038304048)
(0.0087730695 0.10872604 -0.00038304048)
(0.04341436 0.091244443 -0.0018955119)
(0.024713559 0.080697816 -0.0010790173)
(0.016196027 0.078604868 -0.00070713382)
(0.016196027 0.11139513 -0.00070713382)
(0.035812502 0.092070504 -0.0015636076)
(0.012547291 0.095531561 -0.00054782655)
(0.031533568 0.093772287 -0.0013767853)
(0.0037231393 0.091226692 -0.00016255577)
(0.0089223503 0.098600306 -0.00038955823)
(0.040467862 0.089948476 -0.001766865)
(0.025459875 0.082577163 -0.0011116021)
(0.0043812033 0.094883528 -0.00019128747)
(0.013521141 0.083892572 -0.00059034577)
(0.021453684 0.078559271 -0.00093668808)
(0.021453684 0.11144073 -0.00093668808)
(0.041080467 0.092008367 -0.0017936119)
(0.02138174 0.10404022 -0.00093354693)
(0.010238975 0.08537281 -0.00044704329)
(0.0034776629 0.098443701 -0.00015183804)
(0.013363148 0.080728114 -0.00058344764)
(0.013433976 0.10922125 -0.00058654004)
(0.010768583 0.091555921 -0.00047016649)
(0.043363476 0.078773957 -0.0018932903)
(0.043363476 0.11122604 -0.0018932903)
(0.0013744315 0.088580159 -6.0008975e-05)
(0.037731579 0.076472649 -0.0016473963)
(0.037731579 0.11352735 -0.0016473963)
(0.015122234 0.089804558 -0.00066025101)
(0.015189038 0.10020284 -0.00066316771)
(0.0040328348 0.081027779 -0.00017607737)
(0.0039182833 0.10909988 -0.00017107594)
(0.040895747 0.10284903 -0.0017855469)
(0.0056631432 0.085937329 -0.00024725817)
(0.0072815623 0.11348652 -0.00031791988)
(0.0072815623 0.076513476 -0.00031791988)
(0.036680722 0.093383202 -0.0016015149)
(0.034790952 0.089453686 -0.0015190058)
(0.023488009 0.093566876 -0.0010255086)
(0.0060186447 0.097661262 -0.0002627797)
(0.020353158 0.081423228 -0.00088863807)
(0.031525162 0.099463246 -0.0013764183)
(0.0015677677 0.076548022 -6.8450215e-05)
(0.0015677677 0.11345198 -6.8450215e-05)
(0.0086901737 0.0859118 -0.00037942118)
(0.0037632101 0.10631408 -0.0001643053)
(0.037850306 0.090506158 -0.00165258)
(0.025851199 0.10581541 -0.0011286877)
(0.0078532028 0.090336434 -0.00034287824)
(0.0084729947 0.096796559 -0.00036993894)
(0.023850946 0.11115696 -0.0010413548)
(0.030494189 0.096592163 -0.001331405)
(0.027381253 0.089490997 -0.0011954913)
(0.012740985 0.089663696 -0.0005562834)
(0.0087342154 0.093676373 -0.00038134408)
(0.041175571 0.080549369 -0.0017977642)
(0.041175571 0.10945063 -0.0017977642)
(0.024678068 0.085470719 -0.0010774677)
(0.043760722 0.095958269 -0.0019106344)
(0.017373115 0.102151 -0.0007585266)
(0.017321581 0.087893721 -0.00075627655)
(0.036577076 0.081959242 -0.0015969896)
(0.03654273 0.1080338 -0.00159549)
(0.0055753907 0.10408693 -0.00024342682)
(0.015335956 0.095538911 -0.00066958232)
(0.030562207 0.11356699 -0.0013343748)
(0.030520195 0.076435349 -0.0013325405)
(0.028652712 0.078743565 -0.0012510044)
(0.033525276 0.10643725 -0.0014637451)
(0.00160813 0.078239478 -7.0212472e-05)
(0.0016093755 0.11176313 -7.026685e-05)
(0.037459129 0.088838407 -0.0016355009)
(0.028909808 0.086609101 -0.0012622295)
(0.011170104 0.096490459 -0.00048769726)
(0.0078033684 0.084230531 -0.00034070242)
(0.043637636 0.087925085 -0.0019052603)
(0.012325145 0.091116266 -0.00053812746)
(0.027437 0.09480285 -0.0011979253)
(0.033242024 0.096542945 -0.0014513781)
(0.021964073 0.086497868 -0.00095897212)
(0.0029319893 0.11387391 -0.00012801342)
(0.0029319893 0.07612609 -0.00012801342)
(0.021923133 0.10162938 -0.00095718464)
(0.027843501 0.10546695 -0.0012156735)
(0.011843892 0.10259862 -0.00051711549)
(0.026100978 0.11206569 -0.0011395933)
(0.026215088 0.078009182 -0.0011445754)
(0.027135531 0.10814921 -0.0011847629)
(0.009474164 0.090270081 -0.00041365093)
(0.028006766 0.097507522 -0.0012228018)
(0.023613598 0.076418257 -0.001030992)
(0.023594243 0.11358534 -0.0010301469)
(0.012307177 0.093917124 -0.00053734297)
(0.008014321 0.10570787 -0.00034991281)
(0.028677096 0.11133552 -0.001252069)
(0.021899316 0.091661057 -0.00095614477)
(0.015126359 0.098451852 -0.00066043108)
(0.043612058 0.10045563 -0.0019041436)
(0.0098048184 0.11153452 -0.00042808761)
(0.0098027418 0.078463007 -0.00042799695)
(0.015256526 0.091611798 -0.00066611432)
(0.010521529 0.08344919 -0.00045937988)
(0.013822729 0.096232812 -0.00060351339)
(0.0030949891 0.09639827 -0.00013513014)
(0.03081101 0.084682465 -0.0013452377)
(0.0056431122 0.093459275 -0.0002463836)
(0.04103364 0.086965889 -0.0017915674)
(0.043417111 0.11347121 -0.001895632)
(0.043417111 0.076528786 -0.001895632)
(0.0043689497 0.088780529 -0.00019075246)
(0.028824036 0.089279421 -0.0012584846)
(0.009693409 0.095435428 -0.00042322338)
(0.022278621 0.081074186 -0.0009727056)
(0.010758581 0.076116591 -0.00046972981)
(0.010758581 0.11388341 -0.00046972981)
(0.0029209387 0.1041515 -0.00012753094)
(0.035807559 0.084349513 -0.0015633918)
(0.035797822 0.10540168 -0.0015629667)
(0.01751237 0.093831512 -0.00076460659)
(0.023980165 0.078674524 -0.0010469966)
(0.0029397854 0.085830156 -0.0001283538)
(0.033219427 0.11355935 -0.0014503915)
(0.033219427 0.076440649 -0.0014503915)
(0.013769202 0.097904027 -0.00060117633)
(0.041639517 0.089192554 -0.0018180206)
(0.029354539 0.10447602 -0.0012816468)
(0.038185882 0.085551569 -0.0016672316)
(0.038222147 0.1044629 -0.001668815)
(0.033325669 0.1118825 -0.0014550301)
(0.03326791 0.078278324 -0.0014525083)
(0.0031666481 0.078943679 -0.00013825884)
(0.0031666481 0.11105632 -0.00013825884)
(0.0063320711 0.087030378 -0.0002764642)
(0.017104824 0.10033833 -0.00074681275)
(0.016950358 0.089487129 -0.00074006863)
(0.037575092 0.094419224 -0.0016405639)
(0.037610667 0.095951432 -0.0016421172)
(0.023952664 0.10802265 -0.0010457959)
(0.019262546 0.096381302 -0.00084102093)
(0.042085578 0.076114865 -0.001837496)
(0.042085578 0.11388514 -0.001837496)
(0.02791862 0.076313349 -0.0012189533)
(0.02791862 0.11368665 -0.0012189533)
(0.027353609 0.082338195 -0.0011942844)
(0.039450949 0.0826247 -0.0017224656)
(0.039447039 0.1073758 -0.0017222949)
(0.026249659 0.086006349 -0.0011460849)
(0.041835552 0.093904451 -0.0018265796)
(0.013099922 0.086759274 -0.00057195496)
(0.028427306 0.10692962 -0.001241163)
(0.022507556 0.11050963 -0.0009827011)
(0.012245747 0.083174878 -0.00053466087)
(0.0090100702 0.082944117 -0.00039338816)
(0.017653204 0.0985342 -0.00077075554)
(0.030739 0.10557273 -0.0013420937)
(0.037326252 0.10320545 -0.0016296994)
(0.018810602 0.10561309 -0.00082128862)
(0.038031021 0.10186198 -0.0016604702)
(0.034399363 0.088228841 -0.0015019086)
(0.019713003 0.089393541 -0.0008606883)
(0.024283636 0.088054469 -0.0010602464)
(0.025529428 0.098925435 -0.0011146389)
(0.02037032 0.07612088 -0.00088938739)
(0.02037032 0.11387912 -0.00088938739)
(0.015033105 0.081499234 -0.00065635955)
(0.01504297 0.10851432 -0.00065679025)
(0.0030387059 0.093569027 -0.00013267276)
(0.011550675 0.078627069 -0.00050431334)
(0.011551647 0.11137177 -0.00050435582)
(0.0048197763 0.078137669 -0.00021043598)
(0.0048197763 0.11186233 -0.00021043598)
(0.0065963336 0.099137399 -0.00028800214)
(0.0056091865 0.096137799 -0.00024490237)
(0.00338066 0.10153391 -0.0001476028)
(0.010072494 0.088959437 -0.00043977457)
(0.022414933 0.10885667 -0.00097865712)
(0.024433245 0.095 0.0010667785)
(0.013472387 0.10172786 0.00058821712)
(0.013733319 0.088259007 0.00059960965)
(0.033071108 0.087121373 0.0014439158)
(0.033181867 0.10317026 0.0014487516)
(0.022733878 0.10494072 0.00099258256)
(0.022733878 0.085059276 0.00099258256)
(0.036249195 0.095 0.001582674)
(0.0079504449 0.09501126 0.00034712392)
(0.016735453 0.095 0.00073068566)
(0.0075877939 0.10722863 0.00033129024)
(0.0074741244 0.082519331 0.00032632732)
(0.016551674 0.082012579 0.00072266169)
(0.016551674 0.10798742 0.00072266169)
(0.038033796 0.081935122 0.0016605914)
(0.038033796 0.10806488 0.0016605914)
(0.028729652 0.10833317 0.0012543637)
(0.028916918 0.081707376 0.0012625399)
(0.03034122 0.092624764 0.0013247263)
(0.026974631 0.10021664 0.0011777378)
(0.0063462578 0.10090633 0.0002770836)
(0.0063482144 0.088999138 0.00027716903)
(0.039003022 0.089348438 0.0017029087)
(0.038866319 0.10042898 0.0016969401)
(0.02113605 0.099737851 0.00092281986)
(0.020704654 0.090579374 0.00090398472)
(0.027455391 0.087651472 0.0011987283)
(0.031759742 0.097685749 0.0013866603)
(0.021234548 0.080138046 0.00092712039)
(0.020993323 0.10981966 0.0009165883)
(0.033365936 0.10994486 0.0014567882)
(0.033365936 0.080055136 0.0014567882)
(0.011868804 0.079982431 0.00051820319)
(0.011868804 0.11001757 0.00051820319)
(0.018066273 0.10402729 0.00078879052)
(0.017810317 0.086263079 0.00077761524)
(0.012515381 0.09692137 0.00054643332)
(0.0119995 0.092451065 0.00052390949)
(0.0045072894 0.11050048 0.0001967925)
(0.0045072894 0.079499517 0.0001967925)
(0.040267811 0.093556625 0.0017581306)
(0.0044267634 0.097070592 0.00019327666)
(0.03440731 0.091040951 0.0015022556)
(0.040635403 0.085414133 0.00177418)
(0.040458659 0.10456311 0.0017664632)
(0.0043119016 0.092748808 0.00018826169)
(0.01142759 0.10607108 0.00049893933)
(0.011851347 0.084522818 0.00051744099)
(0.0042588343 0.10476816 0.00018594472)
(0.0042662035 0.085158804 0.00018626647)
(0.02526172 0.11076845 0.0011029505)
(0.025596706 0.079293896 0.0011175763)
(0.024676442 0.090823818 0.0010773967)
(0.016405477 0.099179026 0.00071627859)
(0.016580905 0.090897601 0.00072393797)
(0.026620626 0.10438293 0.0011622816)
(0.028700891 0.096052083 0.001253108)
(0.041208809 0.078734064 0.0017992155)
(0.041208809 0.11126594 0.0017992155)
(0.041039996 0.097545602 0.0017918449)
(0.02065151 0.095604207 0.00090166441)
(0.036626352 0.08557188 0.0015991411)
(0.036737809 0.10459724 0.0016040074)
(0.007991676 0.078822061 0.00034892411)
(0.007991676 0.11117794 0.00034892411)
(0.0098630497 0.10015589 0.00043063005)
(0.035089591 0.099942749 0.0015320446)
(0.024021239 0.098654455 0.0010487899)
(0.031956664 0.10678189 0.0013952581)
(0.031925211 0.083399469 0.0013938848)
(0.017909888 0.078636856 0.00078196259)
(0.017909888 0.11136314 0.00078196259)
(0.0097215048 0.087438232 0.00042445006)
(0.037065982 0.11133535 0.0016183357)
(0.037065982 0.078664653 0.0016183357)
(0.026204087 0.084290992 0.0011440951)
(0.030207071 0.11152155 0.0013188692)
(0.030206874 0.078329056 0.0013188606)
(0.0086561548 0.10399282 0.00037793588)
(0.019593329 0.083168579 0.00085546323)
(0.019643551 0.10682431 0.00085765596)
(0.0086609124 0.091957193 0.0003781436)
(0.03065636 0.089242877 0.0013384856)
(0.029720209 0.10297577 0.0012976124)
(0.02544637 0.10735492 0.0011110125)
(0.032787866 0.094733338 0.0014315492)
(0.023941348 0.10200261 0.0010453018)
(0.014657216 0.07809121 0.00063994787)
(0.014657216 0.11190879 0.00063994787)
(0.01490252 0.10508494 0.00065065808)
(0.01490252 0.08491506 0.00065065808)
(0.041414226 0.082113848 0.0018081842)
(0.041414226 0.10788615 0.0018081842)
(0.027091086 0.093170645 0.0011828224)
(0.0031897939 0.10013739 0.00013926941)
(0.023637343 0.08204933 0.0010320287)
(0.002971764 0.089655595 0.00012975002)
(0.022878197 0.088191941 0.00099888363)
(0.041833321 0.09057139 0.0018264822)
(0.04202601 0.10134955 0.0018348952)
(0.035083024 0.082983018 0.0015317579)
(0.035100223 0.10701959 0.0015325088)
(0.029304402 0.085132939 0.0012794578)
(0.003126917 0.10780085 0.00013652415)
(0.003074607 0.08230886 0.00013424024)
(0.020734408 0.10256184 0.00090528379)
(0.007430718 0.09800333 0.00032443215)
(0.037484292 0.097743754 0.0016365996)
(0.037328381 0.092088174 0.0016297923)
(0.022183371 0.093053247 0.0009685469)
(0.018906408 0.093147167 0.00082547162)
(0.035879096 0.08849912 0.0015665152)
(0.0071722613 0.085608985 0.00031314769)
(0.022846169 0.11221399 0.00099748527)
(0.022846169 0.077786009 0.00099748527)
(0.029934778 0.10001528 0.0013069806)
(0.013662444 0.10779821 0.00059651517)
(0.01358755 0.082348579 0.00059324524)
(0.020412887 0.086495783 0.0008912459)
(0.04219541 0.087916481 0.0018422914)
(0.028241391 0.090568188 0.0012330458)
(0.018702778 0.097626906 0.00081658092)
(0.01396426 0.094646207 0.00060969276)
(0.034716127 0.097164594 0.0015157389)
(0.011121131 0.089964942 0.00048555909)
(0.010750628 0.077520891 0.00046938254)
(0.010750628 0.11247911 0.00046938254)
(0.027631995 0.11231589 0.001206439)
(0.02766178 0.077688206 0.0012077394)
(0.029322395 0.10595178 0.0012802434)
(0.0026072524 0.094925381 0.0001138351)
(0.03456975 0.11284391 0.0015093479)
(0.03456975 0.077156094 0.0015093479)
(0.025215239 0.087070955 0.0011009211)
(0.0030360047 0.11247103 0.00013255483)
(0.0030360047 0.077528967 0.00013255483)
(0.011243407 0.094949854 0.00049089773)
(0.020012284 0.077615292 0.00087375517)
(0.020012284 0.11238471 0.00087375517)
(0.010287887 0.10778673 0.00044917886)
(0.010008684 0.081881346 0.00043698858)
(0.022443985 0.10691071 0.00097992555)
(0.018458273 0.1010039 0.00080590559)
(0.0183463 0.089154064 0.00080101675)
(0.0026163312 0.10270905 0.00011423148)
(0.015630007 0.10192114 0.00068242085)
(0.015634884 0.088104405 0.00068263378)
(0.026689771 0.098112165 0.0011653006)
(0.013833322 0.090881738 0.00060397588)
(0.013459301 0.099495224 0.00058764579)
(0.033064736 0.10082125 0.0014436375)
(0.0099005191 0.09722169 0.000432266)
(0.0062571947 0.094765327 0.00027319502)
(0.0025694247 0.087279245 0.0001121835)
(0.042348842 0.095494725 0.0018489904)
(0.0060705148 0.077517075 0.0002650444)
(0.0060705148 0.11248292 0.0002650444)
(0.031100555 0.10906855 0.0013578795)
(0.031137974 0.081152676 0.0013595133)
(0.014972189 0.097004815 0.00065369991)
(0.010269239 0.10215688 0.00044836465)
(0.018706341 0.080968602 0.00081673648)
(0.018788688 0.10903406 0.00082033183)
(0.039052311 0.1124376 0.0017050607)
(0.039052311 0.077562396 0.0017050607)
(0.038978382 0.094955393 0.0017018329)
(0.036266309 0.10161616 0.0015834212)
(0.026204754 0.081256605 0.0011441242)
(0.017356957 0.084201724 0.00075782109)
(0.016990339 0.10583952 0.00074181424)
(0.022788204 0.096729636 0.00099495446)
(0.0060560502 0.091540559 0.00026441286)
(0.0052771809 0.10835601 0.00023040669)
(0.0054568635 0.081755376 0.00023825181)
(0.030493037 0.095049805 0.0013313547)
(0.04251367 0.099182953 0.0018561869)
(0.0066387308 0.10512378 0.00028985325)
(0.038882064 0.087101269 0.0016976276)
(0.039209884 0.10314686 0.0017119405)
(0.042197161 0.11264679 0.0018423678)
(0.042197161 0.077353213 0.0018423678)
(0.0092485869 0.084471159 0.00040380203)
(0.0020602849 0.097910514 8.995398e-05)
(0.0018858324 0.10959947 8.233722e-05)
(0.0018783595 0.080416199 8.2010948e-05)
(0.015652815 0.093458141 0.00068341666)
(0.035536471 0.10929738 0.0015515558)
(0.035535575 0.080702754 0.0015515167)
(0.0387719 0.083979078 0.0016928177)
(0.038756871 0.10601899 0.0016921615)
(0.031891668 0.090562268 0.0013924203)
(0.030713421 0.086768595 0.0013409769)
(0.0021901375 0.091789952 9.5623467e-05)
(0.042724657 0.084034144 0.0018653988)
(0.042646076 0.10605198 0.0018619679)
(0.022901206 0.10027464 0.00099988824)
(0.042659355 0.092681673 0.0018625476)
(0.034687275 0.093371031 0.0015144791)
(0.02388952 0.10971338 0.001043039)
(0.031861657 0.11276488 0.00139111)
(0.03186164 0.077222421 0.0013911092)
(0.03912098 0.11009897 0.0017080589)
(0.03912098 0.079901032 0.0017080589)
(0.029711031 0.098014672 0.0012972116)
(0.033253545 0.089120411 0.0014518811)
(0.034548469 0.085153882 0.0015084187)
(0.034441825 0.10499352 0.0015037625)
(0.04270986 0.080410845 0.0018647528)
(0.04270986 0.10958916 0.0018647528)
(0.011538754 0.086340004 0.00050379286)
(0.039496659 0.091475937 0.0017244614)
(0.0085031767 0.088926849 0.00037125671)
(0.0021663822 0.084270958 9.458629e-05)
(0.0021519882 0.10568685 9.3957834e-05)
(0.027360336 0.1102148 0.0011945781)
(0.014852164 0.079855867 0.00064845947)
(0.014852164 0.11014413 0.00064845947)
(0.019858774 0.10402718 0.00086705282)
(0.0093827523 0.10608237 0.00040965981)
(0.008291348 0.10168082 0.00036200807)
(0.031181374 0.10391486 0.0013614082)
(0.021643211 0.082296506 0.00094496301)
(0.0051112472 0.099178735 0.00022316187)
(0.012952346 0.10409624 0.00056551164)
(0.0046974737 0.087221806 0.00020509613)
(0.0045757484 0.10275393 0.00019978149)
(0.016443453 0.076931992 0.00071793666)
(0.016443453 0.11306801 0.00071793666)
(0.026991977 0.10678365 0.0011784952)
(0.025632962 0.089048619 0.0011191593)
(0.027497475 0.079890824 0.0012005657)
(0.012605436 0.076927895 0.00055036521)
(0.012605436 0.11307211 0.00055036521)
(0.024882502 0.11291153 0.0010863935)
(0.024844625 0.077369836 0.0010847397)
(0.024625263 0.1040757 0.0010751622)
(0.026335089 0.10224584 0.0011498148)
(0.02499159 0.092946904 0.0010911564)
(0.023231206 0.079939417 0.0010142964)
(0.0060056282 0.084122261 0.00026221139)
(0.022685466 0.090296939 0.00099046884)
(0.042812233 0.10356097 0.0018692225)
(0.0071847661 0.080724205 0.00031369366)
(0.0071715635 0.10924766 0.00031311723)
(0.026556154 0.096130438 0.0011594667)
(0.040563556 0.099896755 0.0017710431)
(0.010442656 0.093344442 0.00045593622)
(0.0090485977 0.11321285 0.00039507031)
(0.0090485977 0.07678715 0.00039507031)
(0.0072092112 0.093358152 0.00031476096)
(0.011734498 0.10080597 0.00051233925)
(0.037201381 0.099858915 0.0016242474)
(0.010063552 0.080080132 0.00043938417)
(0.010083902 0.10989568 0.00044027267)
(0.019186768 0.085322567 0.00083771237)
(0.0068014086 0.10302886 0.00029695591)
(0.024954491 0.10038591 0.0010895366)
(0.018567465 0.091003744 0.00081067303)
(0.029995075 0.083255781 0.0013096132)
(0.039945752 0.10864044 0.0017440692)
(0.039945752 0.081359561 0.0017440692)
(0.024234761 0.083879731 0.0010581125)
(0.020553677 0.097683019 0.00089739292)
(0.034610845 0.10181253 0.0015111421)
(0.033384987 0.10805116 0.00145762)
(0.033349545 0.082005907 0.0014560726)
(0.018721814 0.094962683 0.00081741204)
(0.036163759 0.090424506 0.0015789438)
(0.03611489 0.11310973 0.0015768101)
(0.03611489 0.07689027 0.0015768101)
(0.028779722 0.094002175 0.0012565498)
(0.018645746 0.076550837 0.00081409085)
(0.018645746 0.11344916 0.00081409085)
(0.043190384 0.097371463 0.0018857329)
(0.028220111 0.083764581 0.0012321167)
(0.022579737 0.10315137 0.0009858526)
(0.021068504 0.08841626 0.00091987075)
(0.032415342 0.085127396 0.0014152844)
(0.0077792631 0.087384632 0.00033964996)
(0.040519447 0.088341195 0.0017691173)
(0.014456649 0.086647187 0.00063119092)
(0.010790989 0.10420613 0.00047114478)
(0.031067566 0.10168972 0.0013564392)
(0.032599094 0.092683836 0.0014233072)
(0.027695511 0.085547607 0.0012092121)
(0.040763257 0.11330767 0.0017797622)
(0.040763257 0.076692325 0.0017797622)
(0.036972389 0.083689272 0.0016142494)
(0.037024188 0.10624003 0.001616511)
(0.016606996 0.080254289 0.00072507712)
(0.016616799 0.10974603 0.00072550513)
(0.033613118 0.098552796 0.0014675804)
(0.0044058202 0.076631595 0.00019236226)
(0.0044058202 0.11336841 0.00019236226)
(0.0078119784 0.099844115 0.00034107834)
(0.02923248 0.11313694 0.0012763176)
(0.02923248 0.076863065 0.0012763176)
(0.014639487 0.103324 0.00063917382)
(0.022493101 0.09476712 0.00098207)
(0.0053722213 0.1061582 0.00023455625)
(0.042895733 0.086305076 0.0018728681)
(0.021189024 0.084584721 0.00092513278)
(0.025589927 0.10906249 0.0011172803)
(0.025007008 0.097257998 0.0010918296)
(0.026644385 0.091147604 0.001163319)
(0.038431889 0.09335028 0.0016779725)
(0.016962945 0.096925176 0.00074061818)
(0.040514125 0.083617059 0.0017688849)
(0.040475503 0.10639172 0.0017671986)
(0.040569616 0.095608926 0.0017713077)
(0.03008727 0.10712229 0.0013136386)
(0.0049057413 0.090149675 0.00021418929)
(0.011542492 0.088197083 0.00050395607)
(0.01985822 0.07946467 0.00086702862)
(0.019641311 0.11076586 0.00085755817)
(0.031558232 0.079253073 0.0013778622)
(0.031944777 0.11096521 0.0013947391)
(0.022321854 0.098607165 0.00097459317)
(0.035002113 0.086949613 0.0015282253)
(0.013155878 0.085356266 0.00057439804)
(0.011416801 0.098449367 0.00049846828)
(0.0431827 0.08940387 0.0018853974)
(0.02921723 0.11000976 0.0012756518)
(0.0069621262 0.096308286 0.00030397299)
(0.02957875 0.080002022 0.0012914361)
(0.017133624 0.092386572 0.00074807018)
(0.028375981 0.099228252 0.0012389221)
(0.036319068 0.096803993 0.0015857248)
(0.029829505 0.090778099 0.0013023843)
(0.020928216 0.10567577 0.00091374566)
(0.020702551 0.10816396 0.00090389291)
(0.027971408 0.10331138 0.0012212581)
(0.029380316 0.087944891 0.0012827723)
(0.024122467 0.10620064 0.0010532097)
(0.015182481 0.083171298 0.00066288142)
(0.015109819 0.10684607 0.00065970896)
(0.031806244 0.096158508 0.0013886906)
(0.013416952 0.10605113 0.00058579676)
(0.020584349 0.092308614 0.00089873208)
(0.018052075 0.082587871 0.00078817062)
(0.018119292 0.10736483 0.00079110538)
(0.028625666 0.10138327 0.0012498236)
(0.028635402 0.092199839 0.0012502487)
(0.034541605 0.095444977 0.0015081191)
(0.043352617 0.082111767 0.0018928161)
(0.0433369 0.10790546 0.0018921299)
(0.039971949 0.10162464 0.001745213)
(0.034992363 0.078783256 0.0015277996)
(0.03499247 0.11121676 0.0015278042)
(0.0017030346 0.093497467 7.4356098e-05)
(0.0146052 0.11360978 0.00063767679)
(0.0146052 0.076390219 0.00063767679)
(0.012010665 0.10814261 0.00052439695)
(0.011747169 0.081661229 0.00051289246)
(0.0017563956 0.10116703 7.6685889e-05)
(0.0013309688 0.089965955 5.8111355e-05)
(0.0062280973 0.079250297 0.0002719246)
(0.0062280973 0.1107497 0.0002719246)
(0.0015378516 0.10410948 6.7144051e-05)
(0.001606288 0.096305723 7.0132047e-05)
(0.013153913 0.079015536 0.00057431226)
(0.013153913 0.11098446 0.00057431226)
(0.023556787 0.08666855 0.0010285115)
(0.019024654 0.099376223 0.00083063435)
(0.01364595 0.092579617 0.00059579505)
(0.016147211 0.086226719 0.00070500244)
(0.026097754 0.09443278 0.0011394525)
(0.023338738 0.09206711 0.0010189913)
(0.026551651 0.11349663 0.0011592701)
(0.026469888 0.076456053 0.0011557003)
(0.032531759 0.10518956 0.0014203673)
(0.0013904743 0.108 6.0709419e-05)
(0.0013904743 0.082 6.0709419e-05)
(0.033495095 0.083745531 0.0014624274)
(0.035490345 0.10354755 0.0015495419)
(0.03905797 0.096786228 0.0017053078)
(0.043666869 0.10186163 0.0019065367)
(0.036976528 0.087150947 0.0016144301)
(0.01624956 0.10368264 0.00070947113)
(0.019113585 0.08760243 0.00083451716)
(0.035788338 0.098395452 0.0015625526)
(0.0014350596 0.085913414 6.2656053e-05)
(0.0045671045 0.1009145 0.00019940409)
(0.0042312888 0.083541185 0.00018474206)
(0.020061403 0.10112555 0.00087589979)
(0.019081074 0.10239002 0.00083309767)
(0.024134994 0.089292278 0.0010537566)
(0.02188226 0.076651273 0.0009554001)
(0.02188226 0.11334873 0.0009554001)
(0.020590092 0.09397384 0.00089898284)
(0.0016400252 0.099536731 7.1605049e-05)
(0.031888069 0.088156583 0.0013922632)
(0.039035586 0.09871004 0.0017043305)
(0.043425388 0.094344053 0.0018959934)
(0.037260597 0.080486046 0.0016268328)
(0.037260597 0.10951395 0.0016268328)
(0.022687643 0.083573913 0.0009905639)
(0.0087730695 0.081273961 0.00038304048)
(0.0087730695 0.10872604 0.00038304048)
(0.04341436 0.091244443 0.0018955119)
(0.024713559 0.080697816 0.0010790173)
(0.016196027 0.078604868 0.00070713382)
(0.016196027 0.11139513 0.00070713382)
(0.035812502 0.092070504 0.0015636076)
(0.012547291 0.095531561 0.00054782655)
(0.031533568 0.093772287 0.0013767853)
(0.0037231393 0.091226692 0.00016255577)
(0.0089223503 0.098600306 0.00038955823)
(0.040467862 0.089948476 0.001766865)
(0.025459875 0.082577163 0.0011116021)
(0.0043812033 0.094883528 0.00019128747)
(0.013521141 0.083892572 0.00059034577)
(0.021453684 0.078559271 0.00093668808)
(0.021453684 0.11144073 0.00093668808)
(0.041080467 0.092008367 0.0017936119)
(0.02138174 0.10404022 0.00093354693)
(0.010238975 0.08537281 0.00044704329)
(0.0034776629 0.098443701 0.00015183804)
(0.013363148 0.080728114 0.00058344764)
(0.013433976 0.10922125 0.00058654004)
(0.010768583 0.091555921 0.00047016649)
(0.043363476 0.078773957 0.0018932903)
(0.043363476 0.11122604 0.0018932903)
(0.0013744315 0.088580159 6.0008975e-05)
(0.037731579 0.076472649 0.0016473963)
(0.037731579 0.11352735 0.0016473963)
(0.015122234 0.089804558 0.00066025101)
(0.015189038 0.10020284 0.00066316771)
(0.0040328348 0.081027779 0.00017607737)
(0.0039182833 0.10909988 0.00017107594)
(0.040895747 0.10284903 0.0017855469)
(0.0056631432 0.085937329 0.00024725817)
(0.0072815623 0.11348652 0.00031791988)
(0.0072815623 0.076513476 0.00031791988)
(0.036680722 0.093383202 0.0016015149)
(0.034790952 0.089453686 0.0015190058)
(0.023488009 0.093566876 0.0010255086)
(0.0060186447 0.097661262 0.0002627797)
(0.020353158 0.081423228 0.00088863807)
(0.031525162 0.099463246 0.0013764183)
(0.0015677677 0.076548022 6.8450215e-05)
(0.0015677677 0.11345198 6.8450215e-05)
(0.0086901737 0.0859118 0.00037942118)
(0.0037632101 0.10631408 0.0001643053)
(0.037850306 0.090506158 0.00165258)
(0.025851199 0.10581541 0.0011286877)
(0.0078532028 0.090336434 0.00034287824)
(0.0084729947 0.096796559 0.00036993894)
(0.023850946 0.11115696 0.0010413548)
(0.030494189 0.096592163 0.001331405)
(0.027381253 0.089490997 0.0011954913)
(0.012740985 0.089663696 0.0005562834)
(0.0087342154 0.093676373 0.00038134408)
(0.041175571 0.080549369 0.0017977642)
(0.041175571 0.10945063 0.0017977642)
(0.024678068 0.085470719 0.0010774677)
(0.043760722 0.095958269 0.0019106344)
(0.017373115 0.102151 0.0007585266)
(0.017321581 0.087893721 0.00075627655)
(0.036577076 0.081959242 0.0015969896)
(0.03654273 0.1080338 0.00159549)
(0.0055753907 0.10408693 0.00024342682)
(0.015335956 0.095538911 0.00066958232)
(0.030562207 0.11356699 0.0013343748)
(0.030520195 0.076435349 0.0013325405)
(0.028652712 0.078743565 0.0012510044)
(0.033525276 0.10643725 0.0014637451)
(0.00160813 0.078239478 7.0212472e-05)
(0.0016093755 0.11176313 7.026685e-05)
(0.037459129 0.088838407 0.0016355009)
(0.028909808 0.086609101 0.0012622295)
(0.011170104 0.096490459 0.00048769726)
(0.0078033684 0.084230531 0.00034070242)
(0.043637636 0.087925085 0.0019052603)
(0.012325145 0.091116266 0.00053812746)
(0.027437 0.09480285 0.0011979253)
(0.033242024 0.096542945 0.0014513781)
(0.021964073 0.086497868 0.00095897212)
(0.0029319893 0.11387391 0.00012801342)
(0.0029319893 0.07612609 0.00012801342)
(0.021923133 0.10162938 0.00095718464)
(0.027843501 0.10546695 0.0012156735)
(0.011843892 0.10259862 0.00051711549)
(0.026100978 0.11206569 0.0011395933)
(0.026215088 0.078009182 0.0011445754)
(0.027135531 0.10814921 0.0011847629)
(0.009474164 0.090270081 0.00041365093)
(0.028006766 0.097507522 0.0012228018)
(0.023613598 0.076418257 0.001030992)
(0.023594243 0.11358534 0.0010301469)
(0.012307177 0.093917124 0.00053734297)
(0.008014321 0.10570787 0.00034991281)
(0.028677096 0.11133552 0.001252069)
(0.021899316 0.091661057 0.00095614477)
(0.015126359 0.098451852 0.00066043108)
(0.043612058 0.10045563 0.0019041436)
(0.0098048184 0.11153452 0.00042808761)
(0.0098027418 0.078463007 0.00042799695)
(0.015256526 0.091611798 0.00066611432)
(0.010521529 0.08344919 0.00045937988)
(0.013822729 0.096232812 0.00060351339)
(0.0030949891 0.09639827 0.00013513014)
(0.03081101 0.084682465 0.0013452377)
(0.0056431122 0.093459275 0.0002463836)
(0.04103364 0.086965889 0.0017915674)
(0.043417111 0.11347121 0.001895632)
(0.043417111 0.076528786 0.001895632)
(0.0043689497 0.088780529 0.00019075246)
(0.028824036 0.089279421 0.0012584846)
(0.009693409 0.095435428 0.00042322338)
(0.022278621 0.081074186 0.0009727056)
(0.010758581 0.076116591 0.00046972981)
(0.010758581 0.11388341 0.00046972981)
(0.0029209387 0.1041515 0.00012753094)
(0.035807559 0.084349513 0.0015633918)
(0.035797822 0.10540168 0.0015629667)
(0.01751237 0.093831512 0.00076460659)
(0.023980165 0.078674524 0.0010469966)
(0.0029397854 0.085830156 0.0001283538)
(0.033219427 0.11355935 0.0014503915)
(0.033219427 0.076440649 0.0014503915)
(0.013769202 0.097904027 0.00060117633)
(0.041639517 0.089192554 0.0018180206)
(0.029354539 0.10447602 0.0012816468)
(0.038185882 0.085551569 0.0016672316)
(0.038222147 0.1044629 0.001668815)
(0.033325669 0.1118825 0.0014550301)
(0.03326791 0.078278324 0.0014525083)
(0.0031666481 0.078943679 0.00013825884)
(0.0031666481 0.11105632 0.00013825884)
(0.0063320711 0.087030378 0.0002764642)
(0.017104824 0.10033833 0.00074681275)
(0.016950358 0.089487129 0.00074006863)
(0.037575092 0.094419224 0.0016405639)
(0.037610667 0.095951432 0.0016421172)
(0.023952664 0.10802265 0.0010457959)
(0.019262546 0.096381302 0.00084102093)
(0.042085578 0.076114865 0.001837496)
(0.042085578 0.11388514 0.001837496)
(0.02791862 0.076313349 0.0012189533)
(0.02791862 0.11368665 0.0012189533)
(0.027353609 0.082338195 0.0011942844)
(0.039450949 0.0826247 0.0017224656)
(0.039447039 0.1073758 0.0017222949)
(0.026249659 0.086006349 0.0011460849)
(0.041835552 0.093904451 0.0018265796)
(0.013099922 0.086759274 0.00057195496)
(0.028427306 0.10692962 0.001241163)
(0.022507556 0.11050963 0.0009827011)
(0.012245747 0.083174878 0.00053466087)
(0.0090100702 0.082944117 0.00039338816)
(0.017653204 0.0985342 0.00077075554)
(0.030739 0.10557273 0.0013420937)
(0.037326252 0.10320545 0.0016296994)
(0.018810602 0.10561309 0.00082128862)
(0.038031021 0.10186198 0.0016604702)
(0.034399363 0.088228841 0.0015019086)
(0.019713003 0.089393541 0.0008606883)
(0.024283636 0.088054469 0.0010602464)
(0.025529428 0.098925435 0.0011146389)
(0.02037032 0.07612088 0.00088938739)
(0.02037032 0.11387912 0.00088938739)
(0.015033105 0.081499234 0.00065635955)
(0.01504297 0.10851432 0.00065679025)
(0.0030387059 0.093569027 0.00013267276)
(0.011550675 0.078627069 0.00050431334)
(0.011551647 0.11137177 0.00050435582)
(0.0048197763 0.078137669 0.00021043598)
(0.0048197763 0.11186233 0.00021043598)
(0.0065963336 0.099137399 0.00028800214)
(0.0056091865 0.096137799 0.00024490237)
(0.00338066 0.10153391 0.0001476028)
(0.010072494 0.088959437 0.00043977457)
(0.022414933 0.10885667 0.00097865712)
)


// ************************************************************************* //
