/*--------------------------------*- C++ -*----------------------------------*\
| =========                 |                                                 |
| \\      /  F ield         | OpenFOAM: The Open Source CFD Toolbox           |
|  \\    /   O peration     | Version:  v1706                                 |
|   \\  /    A nd           | Web:      www.OpenFOAM.com                      |
|    \\/     M anipulation  |                                                 |
\*---------------------------------------------------------------------------*/
FoamFile
{
    version     2.0;
    format      ascii;
    class       faceList;
    location    "constant/fluid/polyMesh";
    object      faces;
}
// * * * * * * * * * * * * * * * * * * * * * * * * * * * * * * * * * * * * * //


4853
(
3(23 1435 893)
3(24 893 1435)
3(14 738 1280)
3(13 1280 738)
3(20 691 1233)
3(19 1233 691)
3(22 1435 893)
3(15 1270 728)
3(16 728 1270)
3(843 24 1385)
3(6 843 1385)
3(17 1356 814)
3(18 814 1356)
3(19 821 1363)
3(18 1363 821)
3(17 916 1458)
3(16 1458 916)
3(20 1343 801)
3(21 801 1343)
3(22 827 1369)
3(21 1369 827)
3(3 1505 963)
3(12 963 1505)
3(14 1445 903)
3(15 903 1445)
3(13 1000 1542)
3(12 1542 1000)
4(1039 623 1165 1581)
4(623 690 1232 1165)
4(1039 1581 1232 690)
4(529 623 1165 1071)
4(529 1071 1581 1039)
4(41 986 1528 378)
4(709 41 378 1251)
4(709 1251 1528 986)
4(57 987 1529 362)
4(707 57 362 1249)
4(707 1249 1529 987)
4(61 989 1531 358)
4(706 61 358 1248)
4(706 1248 1531 989)
4(53 990 1532 366)
4(711 53 366 1253)
4(711 1253 1532 990)
4(991 31 388 1533)
4(710 1252 388 31)
4(710 991 1533 1252)
4(49 988 1530 370)
4(705 49 370 1247)
4(705 1247 1530 988)
4(45 992 1534 374)
4(708 45 374 1250)
4(708 1250 1534 992)
4(993 67 352 1535)
4(703 1245 352 67)
4(703 993 1535 1245)
4(985 107 312 1527)
4(704 1246 312 107)
4(704 985 1527 1246)
4(984 71 348 1526)
4(701 1243 348 71)
4(701 984 1526 1243)
4(982 103 316 1524)
4(702 1244 316 103)
4(702 982 1524 1244)
4(977 75 344 1519)
4(694 1236 344 75)
4(694 977 1519 1236)
4(976 99 320 1518)
4(695 1237 320 99)
4(695 976 1518 1237)
4(981 87 332 1523)
4(700 1242 332 87)
4(700 981 1523 1242)
4(980 79 340 1522)
4(698 1240 340 79)
4(698 980 1522 1240)
4(979 83 336 1521)
4(697 1239 336 83)
4(697 979 1521 1239)
4(978 91 328 1520)
4(696 1238 328 91)
4(696 978 1520 1238)
4(983 95 324 1525)
4(699 1241 324 95)
4(699 983 1525 1241)
4(986 1528 1187 645)
4(41 645 1187 378)
4(987 1529 1191 649)
4(57 649 1191 362)
4(990 1532 1192 650)
4(53 650 1192 366)
4(989 1531 1195 653)
4(61 653 1195 358)
4(991 651 1193 1533)
4(651 31 388 1193)
4(988 1530 1190 648)
4(49 648 1190 370)
4(992 1534 1194 652)
4(45 652 1194 374)
4(993 656 1198 1535)
4(656 67 352 1198)
4(984 644 1186 1526)
4(644 71 348 1186)
4(985 646 1188 1527)
4(646 107 312 1188)
4(982 642 1184 1524)
4(642 103 316 1184)
4(977 638 1180 1519)
4(638 75 344 1180)
4(976 636 1178 1518)
4(636 99 320 1178)
4(981 641 1183 1523)
4(641 87 332 1183)
4(980 639 1181 1522)
4(639 79 340 1181)
4(978 637 1179 1520)
4(637 91 328 1179)
4(979 640 1182 1521)
4(640 83 336 1182)
4(983 643 1185 1525)
4(643 95 324 1185)
4(1043 635 1177 1585)
4(531 1073 1177 635)
4(531 1043 1585 1073)
4(688 635 1177 1230)
4(1043 688 1230 1585)
4(914 569 1111 1456)
4(810 1352 1111 569)
4(810 914 1456 1352)
4(976 1518 11 4)
4(976 145 435 1518)
4(978 1520 445 265)
4(978 266 444 1520)
4(977 1519 465 245)
4(977 246 464 1519)
4(980 1522 460 250)
4(980 251 459 1522)
4(979 1521 455 255)
4(979 256 454 1521)
4(981 1523 450 260)
4(981 261 449 1523)
4(982 1524 431 149)
4(982 150 430 1524)
4(983 1525 440 270)
4(983 271 439 1525)
4(984 1526 470 240)
4(984 241 469 1526)
4(985 1527 426 154)
4(985 155 425 1527)
4(986 205 505 1528)
4(204 986 1528 506)
4(988 215 495 1530)
4(214 988 1530 496)
4(987 225 485 1529)
4(224 987 1529 486)
4(991 1533 520 190)
4(991 191 519 1533)
4(990 220 490 1532)
4(219 990 1532 491)
4(989 230 480 1531)
4(229 989 1531 481)
4(992 210 500 1534)
4(209 992 1534 501)
4(993 1535 475 235)
4(993 236 474 1535)
4(527 611 1153 1069)
4(527 1069 1507 965)
4(611 965 1507 1153)
4(764 909 1451 1306)
4(164 764 1306 416)
4(164 416 1451 909)
4(715 873 1415 1257)
4(544 1086 1415 873)
4(544 715 1257 1086)
4(902 731 1273 1444)
4(605 1147 1273 731)
4(605 902 1444 1147)
4(25 394 1150 608)
4(26 608 1150 393)
4(628 569 1111 1170)
4(914 628 1170 1456)
4(126 834 1376 293)
4(834 631 1173 1376)
4(126 293 1173 631)
4(5 10 1174 632)
4(163 632 1174 417)
4(634 887 1429 1176)
4(544 634 1176 1086)
4(544 1086 1429 887)
4(742 811 1353 1284)
4(557 742 1284 1099)
4(557 1099 1353 811)
4(606 1148 1257 715)
4(606 873 1415 1148)
4(626 737 1279 1168)
4(563 626 1168 1105)
4(563 1105 1279 737)
4(722 799 1341 1264)
4(585 722 1264 1127)
4(585 1127 1341 799)
4(120 299 1164 622)
4(121 622 1164 298)
4(172 408 1287 745)
4(918 745 1287 1460)
4(172 918 1460 408)
4(566 1108 1162 620)
4(809 620 1162 1351)
4(566 809 1351 1108)
4(565 657 1199 1107)
4(657 715 1257 1199)
4(565 1107 1257 715)
4(548 1090 1158 616)
4(548 756 1298 1090)
4(756 616 1158 1298)
4(602 1144 1265 723)
4(921 723 1265 1463)
4(602 921 1463 1144)
4(551 808 1350 1093)
4(551 1093 1228 686)
4(808 686 1228 1350)
4(555 799 1341 1097)
4(555 1097 1264 722)
4(565 757 1299 1107)
4(565 1107 1159 617)
4(757 617 1159 1299)
4(159 647 1189 421)
4(647 160 420 1189)
4(654 200 510 1196)
4(199 654 1196 511)
4(195 655 1197 515)
4(655 196 514 1197)
4(535 737 1279 1077)
4(535 1077 1168 626)
4(807 1065 1607 1349)
4(690 807 1349 1232)
4(690 1232 1607 1065)
4(170 410 1291 749)
4(727 749 1291 1269)
4(170 727 1269 410)
4(587 1129 1176 634)
4(587 887 1429 1129)
4(900 917 1459 1442)
4(565 1107 1459 917)
4(565 900 1442 1107)
4(920 808 1350 1462)
4(551 920 1462 1093)
4(183 615 1157 397)
4(183 397 1337 795)
4(615 795 1337 1157)
4(560 731 1273 1102)
4(560 1102 1444 902)
4(64 355 1211 669)
4(1027 669 1211 1569)
4(64 1027 1569 355)
4(800 747 1289 1342)
4(574 1116 1289 747)
4(574 800 1342 1116)
4(593 747 1289 1135)
4(593 1135 1342 800)
4(929 660 1202 1471)
4(595 1137 1202 660)
4(595 929 1471 1137)
4(541 614 1156 1083)
4(541 1083 1281 739)
4(614 739 1281 1156)
4(188 522 1207 665)
4(188 735 1277 522)
4(735 665 1207 1277)
4(63 356 1211 669)
4(745 173 407 1287)
4(615 917 1459 1157)
4(615 1157 1442 900)
4(581 1123 1154 612)
4(581 874 1416 1123)
4(874 612 1154 1416)
4(586 811 1353 1128)
4(586 1128 1284 742)
4(602 1144 1439 897)
4(723 897 1439 1265)
4(831 611 1153 1373)
4(527 831 1373 1069)
4(559 820 1362 1101)
4(820 633 1175 1362)
4(559 1101 1175 633)
4(579 1121 1295 753)
4(725 753 1295 1267)
4(579 725 1267 1121)
4(752 829 1371 1294)
4(829 1003 1545 1371)
4(752 1294 1545 1003)
4(127 834 1376 292)
4(564 915 1457 1106)
4(934 1476 1457 915)
4(934 564 1106 1476)
4(929 967 1509 1471)
4(660 1202 1509 967)
4(537 721 1263 1079)
4(721 732 1274 1263)
4(537 1079 1274 732)
4(749 171 409 1291)
4(206 661 1203 504)
4(661 207 503 1203)
4(221 662 1204 489)
4(662 222 488 1204)
4(226 663 1205 484)
4(663 227 483 1205)
4(665 189 521 1207)
4(211 664 1206 499)
4(664 212 498 1206)
4(216 666 1208 494)
4(666 217 493 1208)
4(201 667 1209 509)
4(667 202 508 1209)
4(668 194 516 1210)
4(193 668 1210 517)
4(231 669 1211 479)
4(669 232 478 1211)
4(671 153 427 1213)
4(152 671 1213 428)
4(233 670 1212 477)
4(670 234 476 1212)
4(673 148 432 1215)
4(147 673 1215 433)
4(672 239 471 1214)
4(238 672 1214 472)
4(675 158 422 1217)
4(157 675 1217 423)
4(674 244 466 1216)
4(243 674 1216 467)
4(676 269 441 1218)
4(268 676 1218 442)
4(677 259 451 1219)
4(258 677 1219 452)
4(679 254 456 1221)
4(253 679 1221 457)
4(678 274 436 1220)
4(273 678 1220 437)
4(680 249 461 1222)
4(248 680 1222 462)
4(681 264 446 1223)
4(263 681 1223 447)
4(817 712 1254 1359)
4(572 817 1359 1114)
4(572 1114 1254 712)
4(636 1178 11 4)
4(638 1180 465 245)
4(637 1179 445 265)
4(639 1181 460 250)
4(640 1182 455 255)
4(641 1183 450 260)
4(642 1184 431 149)
4(643 1185 440 270)
4(644 1186 470 240)
4(646 1188 426 154)
4(645 205 505 1187)
4(648 215 495 1190)
4(649 225 485 1191)
4(651 1193 520 190)
4(650 220 490 1192)
4(653 230 480 1195)
4(652 210 500 1194)
4(656 1198 475 235)
4(873 634 1176 1415)
4(564 760 1302 1106)
4(915 1457 1302 760)
4(548 1090 1290 748)
4(616 748 1290 1158)
4(898 721 1263 1440)
4(537 898 1440 1079)
4(581 1123 1356 814)
4(612 814 1356 1154)
4(527 1069 1234 692)
4(965 692 1234 1507)
4(177 798 1340 403)
4(798 178 402 1340)
4(183 917 1459 397)
4(917 757 1299 1459)
4(683 198 512 1225)
4(197 683 1225 513)
4(684 162 418 1226)
4(161 684 1226 419)
4(620 909 1451 1162)
4(620 1162 1306 764)
4(721 1263 1482 940)
4(898 940 1482 1440)
4(791 798 1340 1333)
4(177 791 1333 403)
4(526 1068 1166 624)
4(526 799 1341 1068)
4(799 624 1166 1341)
4(682 834 1376 1224)
4(128 291 1376 834)
4(128 682 1224 291)
4(549 723 1265 1091)
4(549 1091 1463 921)
4(712 1254 1374 832)
4(817 832 1374 1359)
4(575 1117 1263 721)
4(575 732 1274 1117)
4(995 1022 1564 1537)
4(659 995 1537 1201)
4(659 1201 1564 1022)
4(758 682 1224 1300)
4(569 1111 1224 682)
4(569 758 1300 1111)
4(731 931 1473 1273)
4(605 1147 1473 931)
4(5 764 1306 10)
4(556 682 1224 1098)
4(556 1098 1300 758)
4(571 1113 1155 613)
4(571 886 1428 1113)
4(886 613 1155 1428)
4(840 756 1298 1382)
4(548 840 1382 1090)
4(573 1115 1158 616)
4(573 831 1373 1115)
4(831 616 1158 1373)
4(554 1022 1564 1096)
4(995 554 1096 1537)
4(658 935 1477 1200)
4(547 658 1200 1089)
4(547 1089 1477 935)
4(571 1113 1367 825)
4(613 825 1367 1155)
4(556 631 1173 1098)
4(556 1098 1376 834)
4(187 735 1277 523)
4(126 293 1512 970)
4(631 970 1512 1173)
4(544 1086 1157 615)
4(887 615 1157 1429)
4(722 713 1255 1264)
4(533 1075 1255 713)
4(533 722 1264 1075)
4(564 622 1164 1106)
4(622 760 1302 1164)
4(531 829 1371 1073)
4(531 1073 1294 752)
4(544 1086 1442 900)
4(890 1055 1597 1432)
4(561 890 1432 1103)
4(561 1103 1597 1055)
4(584 634 1176 1126)
4(584 1126 1415 873)
4(556 750 1292 1098)
4(750 631 1173 1292)
4(807 552 1094 1349)
4(1065 1607 1094 552)
4(528 797 1339 1070)
4(797 896 1438 1339)
4(528 1070 1438 896)
4(933 1475 1371 829)
4(558 829 1371 1100)
4(933 558 1100 1475)
4(1031 797 1339 1573)
4(528 1031 1573 1070)
4(585 713 1255 1127)
4(747 689 1231 1289)
4(535 1077 1231 689)
4(535 747 1289 1077)
4(867 723 1265 1409)
4(549 867 1409 1091)
4(601 1143 1200 658)
4(601 935 1477 1143)
4(622 888 1430 1164)
4(120 299 1430 888)
4(805 614 1156 1347)
4(541 805 1347 1083)
4(761 622 1164 1303)
4(564 761 1303 1106)
4(565 1107 1360 818)
4(617 818 1360 1159)
4(693 1235 1432 890)
4(693 1055 1597 1235)
4(581 733 1275 1123)
4(733 874 1416 1275)
4(635 1177 1371 829)
4(635 933 1475 1177)
4(659 762 1304 1201)
4(762 995 1537 1304)
4(620 841 1383 1162)
4(566 1108 1383 841)
4(753 869 1411 1295)
4(579 1121 1411 869)
4(689 736 1278 1231)
4(572 689 1231 1114)
4(572 1114 1278 736)
4(593 723 1265 1135)
4(593 1135 1409 867)
4(121 760 1302 298)
4(570 1112 1167 625)
4(813 625 1167 1355)
4(570 813 1355 1112)
4(559 741 1283 1101)
4(741 820 1362 1283)
4(730 167 413 1272)
4(166 730 1272 414)
4(573 1115 1357 815)
4(616 815 1357 1158)
4(529 877 1419 1071)
4(877 623 1165 1419)
4(632 880 1422 1174)
4(5 10 1422 880)
4(714 742 1284 1256)
4(557 714 1256 1099)
4(754 633 1175 1296)
4(563 1105 1175 633)
4(563 754 1296 1105)
4(808 897 1439 1350)
4(136 808 1350 283)
4(136 283 1439 897)
4(737 712 1254 1279)
4(576 1118 1254 712)
4(576 737 1279 1118)
4(527 627 1169 1069)
4(627 1046 1588 1169)
4(527 1069 1588 1046)
4(736 921 1463 1278)
4(618 736 1278 1160)
4(618 1160 1463 921)
4(892 805 1347 1434)
4(609 1151 1347 805)
4(609 892 1434 1151)
4(140 279 1256 714)
4(140 742 1284 279)
4(534 1076 1273 731)
4(534 931 1473 1076)
4(965 739 1281 1507)
4(560 1102 1281 739)
4(560 965 1507 1102)
4(807 895 1437 1349)
4(597 1139 1437 895)
4(597 807 1349 1139)
4(549 736 1278 1091)
4(549 1091 1231 689)
4(965 1061 1603 1507)
4(739 1281 1603 1061)
4(730 1063 1605 1272)
4(167 413 1605 1063)
4(527 904 1446 1069)
4(904 627 1169 1446)
4(881 733 1275 1423)
4(581 881 1423 1123)
4(138 686 1228 281)
4(137 282 1228 686)
4(688 906 1448 1230)
4(635 1177 1448 906)
4(563 1105 1361 819)
4(563 820 1362 1105)
4(820 819 1361 1362)
4(561 1003 1545 1103)
4(1003 890 1432 1545)
4(602 1144 1350 808)
4(526 1068 1387 845)
4(624 845 1387 1166)
4(175 870 1412 405)
4(175 405 1229 687)
4(870 687 1229 1412)
4(755 759 1301 1297)
4(543 1085 1301 759)
4(543 755 1297 1085)
4(743 890 1432 1285)
4(594 743 1285 1136)
4(594 1136 1432 890)
4(810 682 1224 1352)
4(128 810 1352 291)
4(535 712 1254 1077)
4(526 633 1175 1068)
4(526 1068 1296 754)
4(113 306 1174 632)
4(114 632 1174 305)
4(42 645 1187 377)
4(62 653 1195 357)
4(54 650 1192 365)
4(30 389 1193 651)
4(58 649 1191 361)
4(50 648 1190 369)
4(46 652 1194 373)
4(35 655 1197 384)
4(34 385 1197 655)
4(37 382 1196 654)
4(38 654 1196 381)
4(66 353 1198 656)
4(70 349 1186 644)
4(106 313 1188 646)
4(111 647 1189 308)
4(110 309 1189 647)
4(102 317 1184 642)
4(74 345 1180 638)
4(86 333 1183 641)
4(98 321 1178 636)
4(78 341 1181 639)
4(82 337 1182 640)
4(94 325 1185 643)
4(90 329 1179 637)
4(594 1003 1545 1136)
4(594 1136 1371 829)
4(884 833 1375 1426)
4(603 884 1426 1145)
4(603 1145 1375 833)
4(809 909 1451 1351)
4(591 1133 1382 840)
4(591 756 1298 1133)
4(599 745 1287 1141)
4(599 1141 1460 918)
4(660 974 1516 1202)
4(595 1137 1516 974)
4(583 759 1301 1125)
4(583 1125 1297 755)
4(571 624 1166 1113)
4(571 1113 1455 913)
4(624 913 1455 1166)
4(553 906 1448 1095)
4(553 1095 1230 688)
4(626 819 1361 1168)
4(545 626 1168 1087)
4(545 1087 1361 819)
4(751 658 1200 1293)
4(547 751 1293 1089)
4(608 1001 1543 1150)
4(25 394 1543 1001)
4(802 727 1269 1344)
4(578 802 1344 1120)
4(578 1120 1269 727)
4(713 840 1382 1255)
4(548 713 1255 1090)
4(562 727 1269 1104)
4(562 1104 1344 802)
4(139 280 1256 714)
4(571 806 1348 1113)
4(806 624 1166 1348)
4(585 840 1382 1127)
4(570 1112 1449 907)
4(625 907 1449 1167)
4(936 816 1358 1478)
4(576 936 1478 1118)
4(576 1118 1358 816)
4(134 285 1265 723)
4(135 723 1265 284)
4(621 1163 1417 875)
4(872 875 1417 1414)
4(621 872 1414 1163)
4(845 633 1175 1387)
4(536 890 1432 1078)
4(536 1078 1285 743)
4(568 1110 1434 892)
4(568 805 1347 1110)
4(553 1095 1280 738)
4(1045 738 1280 1587)
4(553 1045 1587 1095)
4(142 277 1261 719)
4(143 719 1261 276)
4(542 895 1437 1084)
4(542 1084 1349 807)
4(587 1129 1435 893)
4(634 893 1435 1176)
4(559 1101 1387 845)
4(4 782 1324 11)
4(782 636 1178 1324)
4(245 777 1319 465)
4(777 638 1180 1319)
4(265 779 1321 445)
4(779 637 1179 1321)
4(250 785 1327 460)
4(785 639 1181 1327)
4(255 778 1320 455)
4(778 640 1182 1320)
4(260 786 1328 450)
4(786 641 1183 1328)
4(149 783 1325 431)
4(783 642 1184 1325)
4(270 784 1326 440)
4(784 643 1185 1326)
4(240 776 1318 470)
4(776 644 1186 1318)
4(205 505 1311 769)
4(645 769 1311 1187)
4(154 781 1323 426)
4(781 646 1188 1323)
4(190 766 1308 520)
4(766 651 1193 1308)
4(225 485 1310 768)
4(649 768 1310 1191)
4(215 495 1315 773)
4(648 773 1315 1190)
4(220 490 1312 770)
4(650 770 1312 1192)
4(200 510 1309 767)
4(654 767 1309 1196)
4(230 480 1307 765)
4(653 765 1307 1195)
4(210 500 1314 772)
4(652 772 1314 1194)
4(159 780 1322 421)
4(780 647 1189 1322)
4(235 775 1317 475)
4(775 656 1198 1317)
4(195 771 1313 515)
4(771 655 1197 1313)
4(647 788 1330 1189)
4(160 420 1330 788)
4(790 654 1196 1332)
4(199 790 1332 511)
4(655 789 1331 1197)
4(196 514 1331 789)
4(787 632 1174 1329)
4(163 787 1329 417)
4(569 1111 1372 830)
4(628 830 1372 1170)
4(543 967 1509 1085)
4(543 1085 1471 929)
4(535 1077 1420 878)
4(626 878 1420 1168)
4(632 925 1467 1174)
4(113 306 1467 925)
4(924 655 1197 1466)
4(35 924 1466 384)
4(654 923 1465 1196)
4(37 382 1465 923)
4(922 647 1189 1464)
4(111 922 1464 308)
4(738 906 1448 1280)
4(598 1140 1362 820)
4(598 819 1361 1140)
4(875 812 1354 1417)
4(621 1163 1354 812)
4(604 718 1260 1146)
4(718 998 1540 1260)
4(604 1146 1540 998)
4(547 1089 1414 872)
4(547 875 1417 1089)
4(1022 718 1260 1564)
4(604 1022 1564 1146)
4(583 692 1234 1125)
4(692 759 1301 1234)
4(763 718 1260 1305)
4(554 763 1305 1096)
4(554 1096 1260 718)
4(818 657 1199 1360)
4(592 738 1280 1134)
4(592 1134 1445 903)
4(738 903 1445 1280)
4(557 1099 1368 826)
4(557 726 1268 1099)
4(726 826 1368 1268)
4(570 718 1260 1112)
4(570 1112 1305 763)
4(545 836 1378 1087)
4(836 626 1168 1378)
4(732 826 1368 1274)
4(537 1079 1368 826)
4(557 1099 1274 732)
4(740 763 1305 1282)
4(554 740 1282 1096)
4(629 738 1280 1171)
4(629 1171 1587 1045)
4(621 1163 1272 730)
4(621 1063 1605 1163)
4(627 748 1290 1169)
4(748 1046 1588 1290)
4(592 906 1448 1134)
4(532 1074 1227 685)
4(532 803 1345 1074)
4(803 685 1227 1345)
4(60 359 1248 706)
4(40 379 1251 709)
4(56 363 1249 707)
4(32 710 1252 387)
4(52 367 1253 711)
4(48 371 1247 705)
4(44 375 1250 708)
4(68 703 1245 351)
4(108 704 1246 311)
4(72 701 1243 347)
4(104 702 1244 315)
4(76 694 1236 343)
4(88 700 1242 331)
4(100 695 1237 319)
4(96 699 1241 323)
4(80 698 1240 339)
4(84 697 1239 335)
4(92 696 1238 327)
4(602 1144 1462 920)
4(657 911 1453 1199)
4(911 715 1257 1453)
4(141 742 1284 278)
4(937 741 1283 1479)
4(559 937 1479 1101)
4(206 769 1311 504)
4(769 661 1203 1311)
4(221 770 1312 489)
4(770 662 1204 1312)
4(226 768 1310 484)
4(768 663 1205 1310)
4(189 521 1308 766)
4(665 766 1308 1207)
4(211 772 1314 499)
4(772 664 1206 1314)
4(216 773 1315 494)
4(773 666 1208 1315)
4(231 765 1307 479)
4(765 669 1211 1307)
4(201 767 1309 509)
4(767 667 1209 1309)
4(194 516 1313 771)
4(668 771 1313 1210)
4(669 774 1316 1211)
4(232 478 1316 774)
4(233 774 1316 477)
4(774 670 1212 1316)
4(234 476 1317 775)
4(670 775 1317 1212)
4(239 471 1318 776)
4(672 776 1318 1214)
4(153 427 1323 781)
4(671 781 1323 1213)
4(148 432 1325 783)
4(673 783 1325 1215)
4(244 466 1319 777)
4(674 777 1319 1216)
4(158 422 1322 780)
4(675 780 1322 1217)
4(274 436 1324 782)
4(678 782 1324 1220)
4(254 456 1320 778)
4(679 778 1320 1221)
4(259 451 1328 786)
4(677 786 1328 1219)
4(269 441 1326 784)
4(676 784 1326 1218)
4(249 461 1327 785)
4(680 785 1327 1222)
4(264 446 1321 779)
4(681 779 1321 1223)
4(723 962 1504 1265)
4(134 285 1504 962)
4(582 833 1375 1124)
4(582 1124 1426 884)
4(174 870 1412 406)
4(131 891 1433 288)
4(891 716 1258 1433)
4(131 288 1258 716)
4(578 1120 1417 875)
4(578 812 1354 1120)
4(719 894 1436 1261)
4(142 277 1436 894)
4(578 1120 1259 717)
4(875 717 1259 1417)
4(530 998 1540 1072)
4(530 1072 1260 718)
4(534 1076 1304 762)
4(731 762 1304 1273)
4(762 1066 1608 1304)
4(534 1076 1608 1066)
4(575 1117 1379 837)
4(686 837 1379 1228)
4(575 686 1228 1117)
4(1027 774 1316 1569)
4(866 799 1341 1408)
4(526 866 1408 1068)
4(198 512 1332 790)
4(683 790 1332 1225)
4(197 789 1331 513)
4(789 683 1225 1331)
4(162 418 1329 787)
4(684 787 1329 1226)
4(161 788 1330 419)
4(788 684 1226 1330)
4(937 997 1539 1479)
4(741 1283 1539 997)
4(146 434 1237 695)
4(146 976 1518 434)
4(247 463 1236 694)
4(247 977 1519 463)
4(257 453 1239 697)
4(257 979 1521 453)
4(267 443 1238 696)
4(267 978 1520 443)
4(252 458 1240 698)
4(252 980 1522 458)
4(151 429 1244 702)
4(151 982 1524 429)
4(272 438 1241 699)
4(272 983 1525 438)
4(242 468 1243 701)
4(242 984 1526 468)
4(262 448 1242 700)
4(262 981 1523 448)
4(237 473 1245 703)
4(237 993 1535 473)
4(156 424 1246 704)
4(156 985 1527 424)
4(213 705 1247 497)
4(213 497 1530 988)
4(228 706 1248 482)
4(228 482 1531 989)
4(223 707 1249 487)
4(223 487 1529 987)
4(208 708 1250 502)
4(208 502 1534 992)
4(203 709 1251 507)
4(203 507 1528 986)
4(192 518 1252 710)
4(192 991 1533 518)
4(218 711 1253 492)
4(218 492 1532 990)
4(146 434 1404 862)
4(695 862 1404 1237)
4(247 463 1401 859)
4(694 859 1401 1236)
4(267 443 1407 865)
4(696 865 1407 1238)
4(257 453 1403 861)
4(697 861 1403 1239)
4(252 458 1406 864)
4(698 864 1406 1240)
4(151 429 1405 863)
4(702 863 1405 1244)
4(272 438 1394 852)
4(699 852 1394 1241)
4(242 468 1393 851)
4(701 851 1393 1243)
4(262 448 1402 860)
4(700 860 1402 1242)
4(237 473 1390 848)
4(703 848 1390 1245)
4(213 853 1395 497)
4(853 705 1247 1395)
4(223 856 1398 487)
4(856 707 1249 1398)
4(228 854 1396 482)
4(854 706 1248 1396)
4(208 850 1392 502)
4(850 708 1250 1392)
4(156 424 1400 858)
4(704 858 1400 1246)
4(203 855 1397 507)
4(855 709 1251 1397)
4(218 849 1391 492)
4(849 711 1253 1391)
4(192 518 1399 857)
4(710 857 1399 1252)
4(1 8 1474 932)
4(27 932 1474 392)
4(625 1167 1275 733)
4(813 733 1275 1355)
4(714 837 1379 1256)
4(139 280 1379 837)
4(1036 758 1300 1578)
4(685 1227 1300 758)
4(685 1036 1578 1227)
4(584 827 1369 1126)
4(827 634 1176 1369)
4(612 1154 1285 743)
4(874 743 1285 1416)
4(562 753 1295 1104)
4(562 1104 1267 725)
4(575 1117 1256 714)
4(1050 733 1275 1592)
4(550 1092 1275 733)
4(550 1050 1592 1092)
4(562 749 1291 1104)
4(556 1098 1578 1036)
4(659 1066 1608 1201)
4(685 1040 1582 1227)
4(532 1074 1582 1040)
4(807 928 1470 1349)
4(552 1094 1470 928)
4(574 1116 1258 716)
4(836 716 1258 1378)
4(574 836 1378 1116)
4(1030 743 1285 1572)
4(594 1030 1572 1136)
4(586 1128 1261 719)
4(586 894 1436 1128)
4(536 1078 1275 733)
4(536 874 1416 1078)
4(138 837 1379 281)
4(787 925 1467 1329)
4(922 788 1330 1464)
4(790 923 1465 1332)
4(924 789 1331 1466)
4(593 962 1504 1135)
4(625 1167 1592 1050)
4(998 911 1453 1540)
4(657 998 1540 1199)
4(658 828 1370 1200)
4(601 1143 1370 828)
4(795 184 396 1337)
4(118 969 1511 301)
4(118 301 1276 734)
4(969 734 1276 1511)
4(227 483 1396 854)
4(663 854 1396 1205)
4(222 488 1398 856)
4(662 856 1398 1204)
4(212 498 1395 853)
4(664 853 1395 1206)
4(207 503 1392 850)
4(661 850 1392 1203)
4(217 493 1391 849)
4(666 849 1391 1208)
4(202 508 1397 855)
4(667 855 1397 1209)
4(193 857 1399 517)
4(857 668 1210 1399)
4(152 863 1405 428)
4(863 671 1213 1405)
4(238 848 1390 472)
4(848 672 1214 1390)
4(147 862 1404 433)
4(862 673 1215 1404)
4(243 851 1393 467)
4(851 674 1216 1393)
4(157 858 1400 423)
4(858 675 1217 1400)
4(253 864 1406 457)
4(864 679 1221 1406)
4(268 865 1407 442)
4(865 676 1218 1407)
4(258 861 1403 452)
4(861 677 1219 1403)
4(248 859 1401 462)
4(859 680 1222 1401)
4(273 852 1394 437)
4(852 678 1220 1394)
4(263 860 1402 447)
4(860 681 1223 1402)
4(794 966 1508 1336)
4(525 794 1336 1067)
4(525 1067 1508 966)
4(129 810 1352 290)
4(568 1110 1440 898)
4(892 898 1440 1434)
4(592 728 1270 1134)
4(728 933 1475 1270)
4(592 1134 1475 933)
4(904 692 1234 1446)
4(583 904 1446 1125)
4(686 910 1452 1228)
4(551 1093 1452 910)
4(898 793 1335 1440)
4(568 1110 1335 793)
4(591 1133 1478 936)
4(591 816 1358 1133)
4(1049 820 1362 1591)
4(741 1049 1591 1283)
4(804 868 1410 1346)
4(614 804 1346 1156)
4(614 1156 1410 868)
4(757 973 1515 1299)
4(617 1159 1515 973)
4(900 715 1257 1442)
4(525 868 1410 1067)
4(525 1067 1346 804)
4(1049 598 1140 1591)
4(618 797 1339 1160)
4(618 1160 1573 1031)
4(611 1061 1603 1153)
4(717 802 1344 1259)
4(903 728 1270 1445)
4(558 1030 1572 1100)
4(1030 829 1371 1572)
4(846 1038 1580 1388)
4(630 846 1388 1172)
4(630 1172 1580 1038)
4(166 809 1351 414)
4(809 730 1272 1351)
4(813 693 1235 1355)
4(536 1078 1235 693)
4(536 813 1355 1078)
4(137 282 1350 808)
4(588 999 1541 1130)
4(588 1130 1306 764)
4(999 764 1306 1541)
4(599 842 1384 1141)
4(842 745 1287 1384)
4(571 1113 1271 729)
4(825 729 1271 1367)
4(687 882 1424 1229)
4(175 405 1424 882)
4(826 884 1426 1368)
4(537 1079 1426 884)
4(689 1231 1409 867)
4(747 867 1409 1289)
4(610 934 1476 1152)
4(610 1152 1457 915)
4(577 1119 1273 731)
4(577 762 1304 1119)
4(926 689 1231 1468)
4(572 926 1468 1114)
4(575 910 1452 1117)
4(932 608 1150 1474)
4(26 932 1474 393)
4(972 714 1256 1514)
4(557 972 1514 1099)
4(550 1092 1423 881)
4(817 824 1366 1359)
4(600 1142 1366 824)
4(600 817 1359 1142)
4(119 969 1511 300)
4(132 891 1433 287)
4(619 966 1508 1161)
4(619 1161 1336 794)
4(586 688 1230 1128)
4(688 811 1353 1230)
4(729 806 1348 1271)
4(132 287 1342 800)
4(133 800 1342 286)
4(576 1118 1374 832)
4(743 1033 1575 1285)
4(612 1154 1575 1033)
4(796 632 1174 1338)
4(114 796 1338 305)
4(623 975 1517 1165)
4(975 690 1232 1517)
4(572 824 1366 1114)
4(885 746 1288 1427)
4(590 885 1427 1132)
4(590 1132 1288 746)
4(588 895 1437 1130)
4(895 999 1541 1437)
4(535 1077 1468 926)
4(872 730 1272 1414)
4(566 1108 1272 730)
4(566 872 1414 1108)
4(530 911 1453 1072)
4(1032 717 1259 1574)
4(601 1143 1259 717)
4(601 1032 1574 1143)
4(609 1151 1593 1051)
4(805 1051 1593 1347)
4(533 1075 1411 869)
4(713 869 1411 1255)
4(811 726 1268 1353)
4(736 824 1366 1278)
4(558 1100 1270 728)
4(589 1131 1339 797)
4(589 896 1438 1131)
4(1032 1056 1598 1574)
4(717 1259 1598 1056)
4(580 687 1229 1122)
4(580 1122 1412 870)
4(555 1097 1266 724)
4(828 724 1266 1370)
4(555 828 1370 1097)
4(542 1084 1383 841)
4(975 841 1383 1517)
4(542 975 1517 1084)
4(717 1259 1477 935)
4(875 935 1477 1417)
4(546 1088 1388 846)
4(546 1038 1580 1088)
4(583 1125 1538 996)
4(755 996 1538 1297)
4(559 806 1348 1101)
4(559 1101 1271 729)
4(907 718 1260 1449)
4(558 1033 1575 1100)
4(558 1100 1285 743)
4(885 888 1430 1427)
4(622 885 1427 1164)
4(539 746 1288 1081)
4(539 1081 1427 885)
4(533 1032 1574 1075)
4(1032 722 1264 1574)
4(913 799 1341 1455)
4(555 913 1455 1097)
4(638 941 1483 1180)
4(74 345 1483 941)
4(637 951 1493 1179)
4(90 329 1493 951)
4(640 954 1496 1182)
4(82 337 1496 954)
4(636 942 1484 1178)
4(98 321 1484 942)
4(639 943 1485 1181)
4(78 341 1485 943)
4(643 948 1490 1185)
4(94 325 1490 948)
4(641 945 1487 1183)
4(86 333 1487 945)
4(642 944 1486 1184)
4(102 317 1486 944)
4(644 947 1489 1186)
4(70 349 1489 947)
4(646 956 1498 1188)
4(106 313 1498 956)
4(647 961 1503 1189)
4(110 309 1503 961)
4(656 958 1500 1198)
4(66 353 1500 958)
4(949 648 1190 1491)
4(50 949 1491 369)
4(950 652 1194 1492)
4(46 950 1492 373)
4(946 645 1187 1488)
4(42 946 1488 377)
4(952 649 1191 1494)
4(58 952 1494 361)
4(957 654 1196 1499)
4(38 957 1499 381)
4(651 955 1497 1193)
4(30 389 1497 955)
4(953 650 1192 1495)
4(54 953 1495 365)
4(960 653 1195 1502)
4(62 960 1502 357)
4(655 959 1501 1197)
4(34 385 1501 959)
4(569 1111 1582 1040)
4(569 744 1286 1111)
4(744 1040 1582 1286)
4(580 889 1431 1122)
4(889 687 1229 1431)
4(1036 750 1292 1578)
4(847 1051 1593 1389)
4(720 847 1389 1262)
4(720 1262 1593 1051)
4(550 691 1233 1092)
4(691 899 1441 1233)
4(550 1092 1441 899)
4(815 1028 1570 1357)
4(573 1115 1570 1028)
4(1035 1577 1368 826)
4(582 826 1368 1124)
4(1035 582 1124 1577)
4(926 712 1254 1468)
4(575 1117 1514 972)
4(609 1151 1389 847)
4(1059 813 1355 1601)
4(570 1059 1601 1112)
4(571 1113 1266 724)
4(913 724 1266 1455)
4(688 908 1450 1230)
4(553 1095 1450 908)
4(841 999 1541 1383)
4(542 1084 1541 999)
4(548 879 1421 1090)
4(879 713 1255 1421)
4(693 1235 1601 1059)
4(574 1116 1433 891)
4(815 912 1454 1357)
4(1028 1570 1454 912)
4(181 757 1299 399)
4(757 182 398 1299)
4(724 886 1428 1266)
4(533 1056 1598 1075)
4(881 691 1233 1423)
4(551 721 1263 1093)
4(551 1093 1482 940)
4(895 792 1334 1437)
4(597 1139 1334 792)
4(583 1125 1418 876)
4(996 876 1418 1538)
4(726 1035 1577 1268)
4(831 835 1377 1373)
4(611 1153 1377 835)
4(1001 186 524 1543)
4(0 1001 1543 9)
4(606 1050 1592 1148)
4(606 1148 1381 839)
4(1050 839 1381 1592)
4(725 844 1386 1267)
4(540 725 1267 1082)
4(540 1082 1386 844)
4(1040 758 1300 1582)
4(746 825 1367 1288)
4(613 746 1288 1155)
4(796 880 1422 1338)
4(793 884 1426 1335)
4(603 793 1335 1145)
4(727 1058 1600 1269)
4(578 1120 1600 1058)
4(165 809 1351 415)
4(538 1080 1359 817)
4(538 832 1374 1080)
4(122 760 1302 297)
4(586 908 1450 1128)
4(573 835 1377 1115)
4(119 300 1430 888)
4(555 1097 1583 1041)
4(722 1041 1583 1264)
4(60 359 1560 1018)
4(706 1018 1560 1248)
4(56 363 1561 1019)
4(707 1019 1561 1249)
4(52 367 1559 1017)
4(711 1017 1559 1253)
4(40 379 1562 1020)
4(709 1020 1562 1251)
4(32 1021 1563 387)
4(1021 710 1252 1563)
4(48 371 1558 1016)
4(705 1016 1558 1247)
4(44 375 1557 1015)
4(708 1015 1557 1250)
4(68 1013 1555 351)
4(1013 703 1245 1555)
4(108 1014 1556 311)
4(1014 704 1246 1556)
4(72 1010 1552 347)
4(1010 701 1243 1552)
4(104 1012 1554 315)
4(1012 702 1244 1554)
4(88 1011 1553 331)
4(1011 700 1242 1553)
4(100 1008 1550 319)
4(1008 695 1237 1550)
4(96 1005 1547 323)
4(1005 699 1241 1547)
4(76 1004 1546 343)
4(1004 694 1236 1546)
4(80 1009 1551 339)
4(1009 698 1240 1551)
4(84 1006 1548 335)
4(1006 697 1239 1548)
4(92 1007 1549 327)
4(1007 696 1238 1549)
4(920 797 1339 1462)
4(618 920 1462 1160)
4(563 1064 1606 1105)
4(1064 754 1296 1606)
4(170 1058 1600 410)
4(590 888 1430 1132)
4(831 1046 1588 1373)
4(616 1158 1588 1046)
4(818 905 1447 1360)
4(546 818 1360 1088)
4(546 1088 1447 905)
4(740 966 1508 1282)
4(966 763 1305 1508)
4(751 872 1414 1293)
4(566 751 1293 1108)
4(585 1127 1408 866)
4(579 844 1386 1121)
4(551 797 1339 1093)
4(617 905 1447 1159)
4(606 883 1425 1148)
4(883 1050 1592 1425)
4(748 879 1421 1290)
4(539 825 1367 1081)
4(833 752 1294 1375)
4(561 833 1375 1103)
4(561 1103 1294 752)
4(59 360 1205 663)
4(59 1018 1560 360)
4(1018 663 1205 1560)
4(55 364 1204 662)
4(55 1019 1561 364)
4(1019 662 1204 1561)
4(47 372 1206 664)
4(47 1016 1558 372)
4(1016 664 1206 1558)
4(43 376 1203 661)
4(43 1015 1557 376)
4(1015 661 1203 1557)
4(51 368 1208 666)
4(51 1017 1559 368)
4(1017 666 1208 1559)
4(39 380 1209 667)
4(39 1020 1562 380)
4(1020 667 1209 1562)
4(33 668 1210 386)
4(33 386 1563 1021)
4(668 1021 1563 1210)
4(69 672 1214 350)
4(69 350 1555 1013)
4(672 1013 1555 1214)
4(105 671 1213 314)
4(105 314 1554 1012)
4(671 1012 1554 1213)
4(109 675 1217 310)
4(109 310 1556 1014)
4(675 1014 1556 1217)
4(73 674 1216 346)
4(73 346 1552 1010)
4(674 1010 1552 1216)
4(101 673 1215 318)
4(101 318 1550 1008)
4(673 1008 1550 1215)
4(81 679 1221 338)
4(81 338 1551 1009)
4(679 1009 1551 1221)
4(93 676 1218 326)
4(93 326 1549 1007)
4(676 1007 1549 1218)
4(85 677 1219 334)
4(85 334 1548 1006)
4(677 1006 1548 1219)
4(77 680 1222 342)
4(77 342 1546 1004)
4(680 1004 1546 1222)
4(97 678 1220 322)
4(97 322 1547 1005)
4(678 1005 1547 1220)
4(89 681 1223 330)
4(89 330 1553 1011)
4(681 1011 1553 1223)
4(587 1129 1385 843)
4(893 843 1385 1435)
4(1052 842 1384 1594)
4(599 1052 1594 1141)
4(530 1072 1449 907)
4(805 804 1346 1347)
4(131 288 1443 901)
4(716 901 1443 1258)
4(719 908 1450 1261)
4(124 295 1596 1054)
4(124 750 1292 295)
4(750 1054 1596 1292)
4(847 896 1438 1389)
4(609 1151 1438 896)
4(65 670 1212 354)
4(65 354 1569 1027)
4(670 1027 1569 1212)
4(845 806 1348 1387)
4(832 936 1478 1374)
4(606 1148 1453 911)
4(539 729 1271 1081)
4(963 964 1506 1505)
4(144 275 1506 964)
4(144 963 1505 275)
4(580 1047 1589 1122)
4(580 1122 1287 745)
4(1047 745 1287 1589)
4(749 927 1469 1291)
4(599 749 1291 1141)
4(599 1141 1469 927)
4(1065 746 1288 1607)
4(613 1065 1607 1155)
4(721 910 1452 1263)
4(582 752 1294 1124)
4(623 841 1383 1165)
4(1028 835 1377 1570)
4(1052 725 1267 1594)
4(540 1052 1594 1082)
4(568 804 1346 1110)
4(802 753 1295 1344)
4(742 894 1436 1284)
4(836 1034 1576 1378)
4(716 1258 1576 1034)
4(562 927 1469 1104)
4(725 927 1469 1267)
4(123 296 1596 1054)
4(610 750 1292 1152)
4(610 1152 1578 1036)
4(552 746 1288 1094)
4(720 1262 1570 1028)
4(720 835 1377 1262)
4(778 954 1496 1320)
4(779 951 1493 1321)
4(782 942 1484 1324)
4(785 943 1485 1327)
4(777 941 1483 1319)
4(784 948 1490 1326)
4(786 945 1487 1328)
4(783 944 1486 1325)
4(776 947 1489 1318)
4(781 956 1498 1323)
4(780 961 1503 1322)
4(775 958 1500 1317)
4(957 767 1309 1499)
4(949 773 1315 1491)
4(950 772 1314 1492)
4(952 768 1310 1494)
4(766 955 1497 1308)
4(946 769 1311 1488)
4(953 770 1312 1495)
4(960 765 1307 1502)
4(771 959 1501 1313)
4(620 999 1541 1162)
4(1066 846 1388 1608)
4(630 1066 1608 1172)
4(1060 735 1277 1602)
4(187 1060 1602 523)
4(728 1033 1575 1270)
4(840 866 1408 1382)
4(591 1133 1408 866)
4(1028 847 1389 1570)
4(143 964 1506 276)
4(964 719 1261 1506)
4(567 1109 1365 823)
4(974 823 1365 1516)
4(567 974 1516 1109)
4(597 928 1470 1139)
4(734 552 1094 1276)
4(734 1276 1470 928)
4(971 1513 1276 734)
4(971 552 1094 1513)
4(888 969 1511 1430)
4(823 919 1461 1365)
4(567 1109 1461 919)
4(533 1075 1295 753)
4(800 891 1433 1342)
4(141 894 1436 278)
4(580 996 1538 1122)
4(580 1122 1297 755)
4(118 301 1380 838)
4(734 838 1380 1276)
4(600 847 1389 1142)
4(600 1142 1570 1028)
4(754 816 1358 1296)
4(526 1068 1358 816)
4(560 871 1413 1102)
4(871 731 1273 1413)
4(135 897 1439 284)
4(756 815 1357 1298)
4(761 1303 1565 1023)
4(1029 1023 1565 1571)
4(761 1029 1571 1303)
4(660 823 1365 1202)
4(830 744 1286 1372)
4(972 732 1274 1514)
4(567 798 1340 1109)
4(567 1109 1333 791)
4(179 822 1364 401)
4(822 180 400 1364)
4(29 665 1207 390)
4(29 390 1604 1062)
4(665 1062 1604 1207)
4(630 1172 1365 823)
4(630 919 1461 1172)
4(737 1064 1606 1279)
4(819 938 1480 1361)
4(545 1087 1480 938)
4(878 747 1289 1420)
4(739 871 1413 1281)
4(577 1119 1413 871)
4(115 796 1338 304)
4(576 1064 1606 1118)
4(576 1118 1296 754)
4(955 665 1207 1497)
4(29 955 1497 390)
4(669 960 1502 1211)
4(63 356 1502 960)
4(663 952 1494 1205)
4(59 360 1494 952)
4(662 953 1495 1204)
4(55 364 1495 953)
4(664 950 1492 1206)
4(47 372 1492 950)
4(661 946 1488 1203)
4(43 376 1488 946)
4(666 949 1491 1208)
4(51 368 1491 949)
4(667 957 1499 1209)
4(39 380 1499 957)
4(958 670 1212 1500)
4(65 958 1500 354)
4(959 668 1210 1501)
4(33 959 1501 386)
4(947 672 1214 1489)
4(69 947 1489 350)
4(956 671 1213 1498)
4(105 956 1498 314)
4(961 675 1217 1503)
4(109 961 1503 310)
4(941 674 1216 1483)
4(73 941 1483 346)
4(944 673 1215 1486)
4(101 944 1486 318)
4(954 679 1221 1496)
4(81 954 1496 338)
4(948 676 1218 1490)
4(93 948 1490 326)
4(945 677 1219 1487)
4(85 945 1487 334)
4(943 680 1222 1485)
4(77 943 1485 342)
4(942 678 1220 1484)
4(97 942 1484 322)
4(951 681 1223 1493)
4(89 951 1493 330)
4(1042 794 1336 1584)
4(525 1042 1584 1067)
4(577 1119 1282 740)
4(868 740 1282 1410)
4(577 868 1410 1119)
4(1031 736 1278 1573)
4(835 1051 1593 1377)
4(541 1083 1593 1051)
4(541 835 1377 1083)
4(538 1080 1298 756)
4(538 815 1357 1080)
4(168 812 1354 412)
4(812 169 411 1354)
4(824 847 1389 1366)
4(729 937 1479 1271)
4(740 995 1537 1282)
4(577 1119 1537 995)
4(812 1063 1605 1354)
4(1035 1043 1585 1577)
4(531 1035 1577 1073)
4(539 1081 1565 1023)
4(539 761 1303 1081)
4(798 919 1461 1340)
4(607 798 1340 1149)
4(607 1149 1461 919)
4(181 973 1515 399)
4(629 1171 1505 963)
4(629 964 1506 1171)
4(581 1123 1363 821)
4(814 821 1363 1356)
4(929 882 1424 1471)
4(687 929 1471 1229)
4(123 915 1457 296)
4(122 297 1457 915)
4(528 1070 1389 847)
4(525 740 1282 1067)
4(528 1070 1366 824)
4(595 882 1424 1137)
4(629 1000 1542 1171)
4(1000 738 1280 1542)
4(726 1043 1585 1268)
4(36 683 1225 383)
4(36 383 1466 924)
4(683 924 1466 1225)
4(36 923 1465 383)
4(923 683 1225 1465)
4(112 307 1226 684)
4(112 925 1467 307)
4(925 684 1226 1467)
4(112 307 1464 922)
4(684 922 1464 1226)
4(1023 729 1271 1565)
4(761 885 1427 1303)
4(182 917 1459 398)
4(596 997 1539 1138)
4(596 1138 1479 937)
4(759 967 1509 1301)
4(870 1047 1589 1412)
4(580 1122 1384 842)
4(541 1083 1603 1061)
4(1031 824 1366 1573)
4(589 1131 1440 898)
4(589 940 1482 1131)
4(748 1044 1586 1290)
4(1044 879 1421 1586)
4(1058 812 1354 1600)
4(608 1150 1602 1060)
4(608 735 1277 1150)
4(605 1147 1301 759)
4(605 967 1509 1147)
4(169 1058 1600 411)
4(882 176 404 1424)
4(584 801 1343 1126)
4(801 827 1369 1343)
4(886 1025 1567 1428)
4(529 1071 1567 1025)
4(529 886 1428 1071)
4(659 846 1388 1201)
4(887 795 1337 1429)
4(724 1025 1567 1266)
4(1037 739 1281 1579)
4(614 1037 1579 1156)
4(590 1132 1513 971)
4(746 971 1513 1288)
4(794 833 1375 1336)
4(561 794 1336 1103)
4(969 971 1513 1511)
4(692 902 1444 1234)
4(902 759 1301 1444)
4(842 996 1538 1384)
4(940 797 1339 1482)
4(936 756 1298 1478)
4(590 1132 1511 969)
4(603 1145 1336 794)
4(997 803 1345 1539)
4(532 997 1539 1074)
4(1049 744 1286 1591)
4(598 1140 1286 744)
4(866 816 1358 1408)
4(538 1080 1478 936)
4(171 409 1460 918)
4(749 918 1460 1291)
4(658 1200 1419 877)
4(751 877 1419 1293)
4(532 744 1286 1074)
4(532 1074 1591 1049)
4(877 1025 1567 1419)
4(658 1200 1567 1025)
4(173 407 1589 1047)
4(930 818 1360 1472)
4(546 930 1472 1088)
4(873 839 1381 1415)
4(584 1126 1381 839)
4(117 302 1380 838)
4(598 1140 1480 938)
4(744 938 1480 1286)
4(574 1116 1420 878)
4(619 763 1305 1161)
4(763 1059 1601 1305)
4(2 970 1512 7)
4(970 125 294 1512)
4(596 1138 1571 1029)
4(596 1023 1565 1138)
4(1060 1001 1543 1602)
4(794 1055 1597 1336)
4(619 1161 1597 1055)
4(168 1063 1605 412)
4(876 904 1446 1418)
4(619 1059 1601 1161)
4(880 764 1306 1422)
4(627 1169 1418 876)
4(846 1022 1564 1388)
4(604 846 1388 1146)
4(755 889 1431 1297)
4(608 1150 1566 1024)
4(932 1024 1566 1474)
4(116 303 1544 1002)
4(117 1002 1544 302)
4(965 902 1444 1507)
4(657 1199 1472 930)
4(627 1044 1586 1169)
4(543 889 1431 1085)
4(545 1034 1576 1087)
4(881 821 1363 1423)
4(691 1233 1363 821)
4(796 939 1481 1338)
4(588 796 1338 1130)
4(588 1130 1481 939)
4(801 899 1441 1343)
4(691 801 1343 1233)
4(1045 908 1450 1587)
4(719 1045 1587 1261)
4(750 1026 1568 1292)
4(631 1173 1568 1026)
4(116 939 1481 303)
4(115 304 1481 939)
4(1054 915 1457 1596)
4(28 391 1604 1062)
4(994 179 401 1536)
4(178 994 1536 402)
4(1024 735 1277 1566)
4(735 1062 1604 1277)
4(124 1026 1568 295)
4(584 899 1441 1126)
4(752 1035 1577 1294)
4(116 303 1334 792)
4(1002 792 1334 1544)
4(994 822 1364 1536)
4(1048 177 403 1590)
4(176 1048 1590 404)
4(588 792 1334 1130)
4(1048 791 1333 1590)
4(934 803 1345 1476)
4(564 1106 1345 803)
4(685 1227 1476 934)
4(974 791 1333 1516)
4(595 1137 1333 791)
4(1066 823 1365 1608)
4(534 1076 1365 823)
4(596 803 1345 1138)
4(165 909 1451 415)
4(610 1054 1596 1152)
4(186 524 1602 1060)
4(798 994 1536 1340)
4(907 883 1425 1449)
4(530 1072 1425 883)
4(184 968 1510 396)
4(968 185 395 1510)
4(792 939 1481 1334)
4(566 1057 1599 1108)
4(1057 751 1293 1599)
4(130 289 1443 901)
4(28 1024 1566 391)
4(27 392 1566 1024)
4(822 973 1515 1364)
4(180 400 1515 973)
4(625 883 1425 1167)
4(914 901 1443 1456)
4(628 1170 1443 901)
4(800 962 1504 1342)
4(830 1034 1576 1372)
4(545 830 1372 1087)
4(587 795 1337 1129)
4(588 880 1422 1130)
4(537 1079 1335 793)
4(753 1056 1598 1295)
4(130 914 1456 289)
4(129 290 1456 914)
4(617 1159 1364 822)
4(628 1034 1576 1170)
4(133 962 1504 286)
4(589 1131 1434 892)
4(1034 901 1443 1576)
4(1047 174 406 1589)
4(595 1137 1590 1048)
4(564 1029 1571 1106)
4(839 899 1441 1381)
4(603 1145 1584 1042)
4(823 931 1473 1365)
4(968 795 1337 1510)
4(587 968 1510 1129)
4(828 1025 1567 1370)
4(660 931 1473 1202)
4(836 878 1420 1378)
4(933 906 1448 1475)
4(607 822 1364 1149)
4(607 1149 1536 994)
4(125 1026 1568 294)
4(844 876 1418 1386)
4(540 1082 1418 876)
4(975 807 1349 1517)
4(997 1049 1591 1539)
4(822 905 1447 1364)
4(1053 793 1335 1595)
4(603 1053 1595 1145)
4(568 1110 1595 1053)
4(607 905 1447 1149)
4(896 892 1434 1438)
4(627 1169 1386 844)
4(597 1139 1544 1002)
4(869 879 1421 1411)
4(579 1121 1421 879)
4(1052 927 1469 1594)
4(1024 1062 1604 1566)
4(538 1080 1454 912)
4(817 912 1454 1359)
4(967 931 1473 1509)
4(1044 844 1386 1586)
4(579 1044 1586 1121)
4(600 912 1454 1142)
4(1013 848 1390 1555)
4(1021 857 1399 1563)
4(855 1020 1562 1397)
4(849 1017 1559 1391)
4(1010 851 1393 1552)
4(1014 858 1400 1556)
4(850 1015 1557 1392)
4(856 1019 1561 1398)
4(853 1016 1558 1395)
4(854 1018 1560 1396)
4(1011 860 1402 1553)
4(1005 852 1394 1547)
4(1004 859 1401 1546)
4(1006 861 1403 1548)
4(1009 864 1406 1551)
4(1007 865 1407 1549)
4(1012 863 1405 1554)
4(1008 862 1404 1550)
4(811 1043 1585 1353)
4(911 883 1425 1453)
4(550 1092 1381 839)
4(1029 803 1345 1571)
4(1056 802 1344 1598)
4(968 843 1385 1510)
4(185 395 1385 843)
4(846 930 1472 1388)
4(830 938 1480 1372)
4(804 1042 1584 1346)
4(604 930 1472 1146)
4(1053 804 1346 1595)
4(835 1061 1603 1377)
4(597 838 1380 1139)
4(838 928 1470 1380)
4(1002 838 1380 1544)
4(930 998 1540 1472)
4(540 1082 1538 996)
4(540 842 1384 1082)
4(841 1057 1599 1383)
4(934 1036 1578 1476)
4(828 1041 1583 1370)
4(601 1143 1583 1041)
4(1037 871 1413 1579)
4(1048 882 1424 1590)
4(1057 877 1419 1599)
4(623 1057 1599 1165)
4(889 929 1471 1431)
4(921 920 1462 1463)
4(1037 868 1410 1579)
4(577 1037 1579 1119)
4(1038 919 1461 1580)
4(1023 937 1479 1565)
4(1041 1032 1574 1583)
4(1026 970 1512 1568)
4(1039 886 1428 1581)
4(963 1000 1542 1505)
4(607 1038 1580 1149)
4(1038 905 1447 1580)
4(613 1155 1581 1039)
4(1059 1055 1597 1601)
4(916 1033 1575 1458)
4(728 916 1458 1270)
4(612 1154 1458 916)
4(1065 1039 1581 1607)
4(1045 964 1506 1587)
4(1053 1042 1584 1595)
3(612 17 1154)
3(634 22 1176)
3(23 893 24)
3(13 738 14)
3(19 691 20)
3(22 893 23)
3(15 728 16)
3(6 24 843)
3(17 814 18)
3(18 821 19)
3(16 916 17)
3(20 801 21)
3(21 827 22)
3(3 963 12)
3(14 903 15)
3(12 1000 13)
3(1039 690 623)
3(529 1039 623)
3(709 986 41)
3(707 987 57)
3(706 989 61)
3(711 990 53)
3(710 31 991)
3(705 988 49)
3(708 992 45)
3(703 67 993)
3(704 107 985)
3(701 71 984)
3(702 103 982)
3(694 75 977)
3(695 99 976)
3(700 87 981)
3(698 79 980)
3(697 83 979)
3(696 91 978)
3(699 95 983)
3(986 645 41)
3(987 649 57)
3(990 650 53)
3(989 653 61)
3(991 31 651)
3(988 648 49)
3(992 652 45)
3(993 67 656)
3(984 71 644)
3(985 107 646)
3(982 103 642)
3(977 75 638)
3(976 99 636)
3(981 87 641)
3(980 79 639)
3(978 91 637)
3(979 83 640)
3(983 95 643)
3(531 635 1043)
3(1043 635 688)
3(810 569 914)
3(976 4 145)
3(978 265 266)
3(977 245 246)
3(980 250 251)
3(979 255 256)
3(981 260 261)
3(982 149 150)
3(983 270 271)
3(984 240 241)
3(985 154 155)
3(204 205 986)
3(214 215 988)
3(224 225 987)
3(991 190 191)
3(219 220 990)
3(229 230 989)
3(209 210 992)
3(993 235 236)
3(527 965 611)
3(164 909 764)
3(544 873 715)
3(605 731 902)
3(25 608 26)
3(914 569 628)
3(126 631 834)
3(5 632 163)
3(544 887 634)
3(557 811 742)
3(606 715 873)
3(563 737 626)
3(585 799 722)
3(120 622 121)
3(172 745 918)
3(566 620 809)
3(565 715 657)
3(548 616 756)
3(602 723 921)
3(551 686 808)
3(555 722 799)
3(565 617 757)
3(159 160 647)
3(199 200 654)
3(195 196 655)
3(535 626 737)
3(690 1065 807)
3(170 749 727)
3(587 634 887)
3(565 917 900)
3(551 808 920)
3(183 795 615)
3(560 902 731)
3(64 669 1027)
3(574 747 800)
3(593 800 747)
3(595 660 929)
3(541 739 614)
3(188 665 735)
3(63 669 64)
3(172 173 745)
3(615 900 917)
3(581 612 874)
3(586 742 811)
3(602 897 723)
3(527 611 831)
3(559 633 820)
3(579 753 725)
3(752 1003 829)
3(126 834 127)
3(934 915 564)
3(660 967 929)
3(537 732 721)
3(170 171 749)
3(206 207 661)
3(221 222 662)
3(226 227 663)
3(188 189 665)
3(211 212 664)
3(216 217 666)
3(201 202 667)
3(193 194 668)
3(231 232 669)
3(152 153 671)
3(233 234 670)
3(147 148 673)
3(238 239 672)
3(157 158 675)
3(243 244 674)
3(268 269 676)
3(258 259 677)
3(253 254 679)
3(273 274 678)
3(248 249 680)
3(263 264 681)
3(572 712 817)
3(636 4 976)
3(638 245 977)
3(637 265 978)
3(639 250 980)
3(640 255 979)
3(641 260 981)
3(642 149 982)
3(643 270 983)
3(644 240 984)
3(646 154 985)
3(986 205 645)
3(988 215 648)
3(987 225 649)
3(651 190 991)
3(990 220 650)
3(989 230 653)
3(992 210 652)
3(656 235 993)
3(544 634 873)
3(915 760 564)
3(548 748 616)
3(537 721 898)
3(581 814 612)
3(527 692 965)
3(177 178 798)
3(183 615 917)
3(565 757 917)
3(197 198 683)
3(161 162 684)
3(620 764 909)
3(721 940 898)
3(177 798 791)
3(526 624 799)
3(128 834 682)
3(549 921 723)
3(712 832 817)
3(575 721 732)
3(659 1022 995)
3(569 682 758)
3(605 931 731)
3(5 164 764)
3(556 758 682)
3(571 613 886)
3(548 756 840)
3(573 616 831)
3(995 1022 554)
3(547 935 658)
3(571 825 613)
3(556 834 631)
3(187 188 735)
3(126 970 631)
3(544 615 887)
3(533 713 722)
3(564 760 622)
3(531 752 829)
3(544 900 615)
3(561 1055 890)
3(584 873 634)
3(556 631 750)
3(1065 552 807)
3(528 896 797)
3(933 829 558)
3(528 797 1031)
3(585 722 713)
3(535 689 747)
3(549 723 867)
3(601 658 935)
3(120 888 622)
3(541 614 805)
3(564 622 761)
3(565 818 617)
3(693 890 1055)
3(581 874 733)
3(635 829 933)
3(659 995 762)
3(566 841 620)
3(579 869 753)
3(572 736 689)
3(593 867 723)
3(121 622 760)
3(570 625 813)
3(559 820 741)
3(166 167 730)
3(573 815 616)
3(529 623 877)
3(5 880 632)
3(556 682 834)
3(557 742 714)
3(563 633 754)
3(136 897 808)
3(576 712 737)
3(527 1046 627)
3(618 921 736)
3(609 805 892)
3(140 714 742)
3(534 731 931)
3(560 739 965)
3(597 895 807)
3(549 689 736)
3(127 834 128)
3(549 736 921)
3(739 1061 965)
3(167 1063 730)
3(527 627 904)
3(581 733 881)
3(137 686 138)
3(635 906 688)
3(563 819 820)
3(561 890 1003)
3(602 808 897)
3(526 845 624)
3(175 687 870)
3(543 759 755)
3(594 890 743)
3(128 682 810)
3(535 737 712)
3(526 754 633)
3(113 632 114)
3(41 645 42)
3(61 653 62)
3(53 650 54)
3(30 651 31)
3(57 649 58)
3(49 648 50)
3(45 652 46)
3(34 655 35)
3(37 654 38)
3(66 656 67)
3(70 644 71)
3(106 646 107)
3(110 647 111)
3(102 642 103)
3(74 638 75)
3(86 641 87)
3(98 636 99)
3(78 639 79)
3(82 640 83)
3(94 643 95)
3(90 637 91)
3(594 829 1003)
3(603 833 884)
3(620 909 809)
3(591 840 756)
3(599 918 745)
3(595 974 660)
3(583 755 759)
3(571 913 624)
3(553 688 906)
3(545 819 626)
3(547 658 751)
3(25 1001 608)
3(578 727 802)
3(548 840 713)
3(562 802 727)
3(139 714 140)
3(571 624 806)
3(585 713 840)
3(570 907 625)
3(576 816 936)
3(563 626 819)
3(134 723 135)
3(621 875 872)
3(526 633 845)
3(536 743 890)
3(568 892 805)
3(553 738 1045)
3(142 719 143)
3(563 820 633)
3(542 807 895)
3(587 893 634)
3(559 845 633)
3(4 636 782)
3(245 638 777)
3(265 637 779)
3(250 639 785)
3(255 640 778)
3(260 641 786)
3(149 642 783)
3(270 643 784)
3(240 644 776)
3(205 769 645)
3(154 646 781)
3(190 651 766)
3(225 768 649)
3(215 773 648)
3(220 770 650)
3(200 767 654)
3(230 765 653)
3(210 772 652)
3(159 647 780)
3(235 656 775)
3(195 655 771)
3(160 788 647)
3(199 654 790)
3(196 789 655)
3(163 632 787)
3(569 830 628)
3(543 929 967)
3(535 878 626)
3(113 925 632)
3(35 655 924)
3(37 923 654)
3(111 647 922)
3(553 906 738)
3(598 820 819)
3(621 812 875)
3(604 998 718)
3(547 872 875)
3(604 718 1022)
3(583 759 692)
3(554 718 763)
3(565 657 818)
3(592 903 738)
3(557 826 726)
3(570 763 718)
3(545 626 836)
3(537 826 732)
3(557 732 826)
3(554 763 740)
3(629 1045 738)
3(621 730 1063)
3(627 1046 748)
3(592 738 906)
3(532 685 803)
3(60 706 61)
3(40 709 41)
3(56 707 57)
3(31 710 32)
3(52 711 53)
3(48 705 49)
3(44 708 45)
3(67 703 68)
3(107 704 108)
3(71 701 72)
3(103 702 104)
3(75 694 76)
3(87 700 88)
3(99 695 100)
3(95 699 96)
3(79 698 80)
3(83 697 84)
3(91 696 92)
3(602 920 808)
3(657 715 911)
3(140 742 141)
3(559 741 937)
3(206 661 769)
3(221 662 770)
3(226 663 768)
3(189 766 665)
3(211 664 772)
3(216 666 773)
3(231 669 765)
3(201 667 767)
3(194 771 668)
3(232 774 669)
3(233 670 774)
3(234 775 670)
3(239 776 672)
3(153 781 671)
3(148 783 673)
3(244 777 674)
3(158 780 675)
3(274 782 678)
3(254 778 679)
3(259 786 677)
3(269 784 676)
3(249 785 680)
3(264 779 681)
3(134 962 723)
3(582 884 833)
3(174 175 870)
3(131 716 891)
3(578 875 812)
3(142 894 719)
3(578 717 875)
3(530 718 998)
3(534 762 731)
3(534 1066 762)
3(575 837 686)
3(669 774 1027)
3(526 799 866)
3(198 790 683)
3(197 683 789)
3(162 787 684)
3(161 684 788)
3(741 997 937)
3(146 695 976)
3(247 694 977)
3(257 697 979)
3(267 696 978)
3(252 698 980)
3(151 702 982)
3(272 699 983)
3(242 701 984)
3(262 700 981)
3(237 703 993)
3(156 704 985)
3(213 988 705)
3(228 989 706)
3(223 987 707)
3(208 992 708)
3(203 986 709)
3(192 710 991)
3(218 990 711)
3(146 862 695)
3(247 859 694)
3(267 865 696)
3(257 861 697)
3(252 864 698)
3(151 863 702)
3(272 852 699)
3(242 851 701)
3(262 860 700)
3(237 848 703)
3(213 705 853)
3(223 707 856)
3(228 706 854)
3(208 708 850)
3(156 858 704)
3(203 709 855)
3(218 711 849)
3(192 857 710)
3(1 932 27)
3(625 733 813)
3(139 837 714)
3(685 758 1036)
3(554 1022 718)
3(584 634 827)
3(612 743 874)
3(562 725 753)
3(575 714 837)
3(531 829 635)
3(550 733 1050)
3(562 727 749)
3(556 1036 758)
3(659 762 1066)
3(532 1040 685)
3(552 928 807)
3(574 716 836)
3(594 743 1030)
3(586 719 894)
3(536 733 874)
3(138 686 837)
3(632 925 787)
3(647 788 922)
3(654 923 790)
3(655 789 924)
3(593 723 962)
3(625 1050 733)
3(569 810 682)
3(657 911 998)
3(601 828 658)
3(183 184 795)
3(118 734 969)
3(227 854 663)
3(222 856 662)
3(212 853 664)
3(207 850 661)
3(217 849 666)
3(202 855 667)
3(193 668 857)
3(152 671 863)
3(238 672 848)
3(147 673 862)
3(243 674 851)
3(157 675 858)
3(253 679 864)
3(268 676 865)
3(258 677 861)
3(248 680 859)
3(273 678 852)
3(263 681 860)
3(525 966 794)
3(128 810 129)
3(568 898 892)
3(592 933 728)
3(583 692 904)
3(551 910 686)
3(568 793 898)
3(591 936 816)
3(741 820 1049)
3(614 868 804)
3(617 973 757)
3(544 715 900)
3(525 804 868)
3(1049 820 598)
3(618 1031 797)
3(611 965 1061)
3(578 802 717)
3(592 728 903)
3(558 829 1030)
3(630 1038 846)
3(166 730 809)
3(536 693 813)
3(137 808 686)
3(527 904 692)
3(588 764 999)
3(599 745 842)
3(571 729 825)
3(175 882 687)
3(537 884 826)
3(689 867 747)
3(610 915 934)
3(577 731 762)
3(572 689 926)
3(575 686 910)
3(26 608 932)
3(557 714 972)
3(550 881 733)
3(600 824 817)
3(118 969 119)
3(131 891 132)
3(619 794 966)
3(586 811 688)
3(571 806 729)
3(132 800 133)
3(576 832 712)
3(612 1033 743)
3(114 632 796)
3(623 690 975)
3(572 817 824)
3(590 746 885)
3(588 999 895)
3(535 926 689)
3(566 730 872)
3(530 998 911)
3(601 717 1032)
3(609 1051 805)
3(533 869 713)
3(557 726 811)
3(572 824 736)
3(621 872 730)
3(558 728 933)
3(589 797 896)
3(717 1056 1032)
3(580 870 687)
3(555 724 828)
3(542 841 975)
3(717 935 875)
3(546 846 1038)
3(583 996 755)
3(559 729 806)
3(570 718 907)
3(558 743 1033)
3(622 888 885)
3(539 885 746)
3(533 722 1032)
3(555 799 913)
3(74 941 638)
3(90 951 637)
3(82 954 640)
3(98 942 636)
3(78 943 639)
3(94 948 643)
3(86 945 641)
3(102 944 642)
3(70 947 644)
3(106 956 646)
3(110 961 647)
3(66 958 656)
3(50 648 949)
3(46 652 950)
3(42 645 946)
3(58 649 952)
3(38 654 957)
3(30 955 651)
3(54 650 953)
3(62 653 960)
3(34 959 655)
3(569 1040 744)
3(580 687 889)
3(556 750 1036)
3(720 1051 847)
3(550 899 691)
3(573 1028 815)
3(1035 826 582)
3(535 712 926)
3(575 972 714)
3(609 847 1051)
3(570 813 1059)
3(571 724 913)
3(572 926 712)
3(553 908 688)
3(542 999 841)
3(548 713 879)
3(693 1059 813)
3(574 891 716)
3(624 913 799)
3(1028 912 815)
3(181 182 757)
3(549 867 689)
3(571 886 724)
3(533 1032 1056)
3(550 691 881)
3(551 940 721)
3(597 792 895)
3(583 876 996)
3(726 826 1035)
3(611 835 831)
3(0 186 1001)
3(606 839 1050)
3(536 890 693)
3(540 844 725)
3(565 900 715)
3(569 758 1040)
3(613 825 746)
3(632 880 796)
3(603 884 793)
3(578 1058 727)
3(165 166 809)
3(538 817 832)
3(121 760 122)
3(586 688 908)
3(566 809 730)
3(573 831 835)
3(119 888 120)
3(555 1041 722)
3(60 1018 706)
3(56 1019 707)
3(52 1017 711)
3(40 1020 709)
3(32 710 1021)
3(48 1016 705)
3(44 1015 708)
3(68 703 1013)
3(108 704 1014)
3(72 701 1010)
3(104 702 1012)
3(88 700 1011)
3(100 695 1008)
3(96 699 1005)
3(76 694 1004)
3(80 698 1009)
3(84 697 1006)
3(92 696 1007)
3(618 797 920)
3(563 754 1064)
3(170 727 1058)
3(590 885 888)
3(616 1046 831)
3(546 905 818)
3(601 935 717)
3(740 763 966)
3(566 872 751)
3(585 866 799)
3(579 725 844)
3(551 920 797)
3(617 818 905)
3(606 1050 883)
3(230 231 765)
3(189 190 766)
3(200 201 767)
3(225 226 768)
3(194 195 771)
3(205 206 769)
3(220 221 770)
3(232 233 774)
3(210 211 772)
3(215 216 773)
3(254 255 778)
3(4 782 274)
3(239 240 776)
3(234 235 775)
3(244 245 777)
3(264 265 779)
3(158 159 780)
3(153 154 781)
3(148 149 783)
3(249 250 785)
3(269 270 784)
3(259 260 786)
3(548 879 748)
3(539 746 825)
3(536 813 733)
3(561 752 833)
3(59 663 1018)
3(55 662 1019)
3(47 664 1016)
3(43 661 1015)
3(51 666 1017)
3(39 667 1020)
3(33 1021 668)
3(69 1013 672)
3(105 1012 671)
3(109 1014 675)
3(73 1010 674)
3(101 1008 673)
3(81 1009 679)
3(93 1007 676)
3(85 1006 677)
3(77 1004 680)
3(97 1005 678)
3(89 1011 681)
3(587 843 893)
3(599 842 1052)
3(162 163 787)
3(160 161 788)
3(198 199 790)
3(196 197 789)
3(530 907 718)
3(614 804 805)
3(131 901 716)
3(586 908 719)
3(124 1054 750)
3(609 896 847)
3(136 808 137)
3(65 1027 670)
3(559 806 845)
3(576 936 832)
3(606 911 715)
3(539 825 729)
3(144 964 963)
3(685 1040 758)
3(580 745 1047)
3(599 927 749)
3(613 746 1065)
3(575 910 721)
3(582 833 752)
3(623 975 841)
3(145 146 976)
3(261 262 981)
3(256 257 979)
3(271 272 983)
3(241 242 984)
3(150 151 982)
3(246 247 977)
3(236 237 993)
3(266 267 978)
3(203 204 986)
3(208 209 992)
3(218 219 990)
3(251 252 980)
3(228 229 989)
3(191 192 991)
3(213 214 988)
3(223 224 987)
3(155 156 985)
3(573 835 1028)
3(540 725 1052)
3(568 805 804)
3(562 753 802)
3(586 894 742)
3(716 1034 836)
3(562 749 927)
3(562 927 725)
3(123 1054 124)
3(610 1036 750)
3(552 1065 746)
3(720 1028 835)
3(640 954 778)
3(637 951 779)
3(636 942 782)
3(639 943 785)
3(638 941 777)
3(643 948 784)
3(641 945 786)
3(642 944 783)
3(644 947 776)
3(646 956 781)
3(647 961 780)
3(656 958 775)
3(654 767 957)
3(648 773 949)
3(652 772 950)
3(649 768 952)
3(651 955 766)
3(645 769 946)
3(650 770 953)
3(653 765 960)
3(655 959 771)
3(620 841 999)
3(551 721 910)
3(630 846 1066)
3(187 735 1060)
3(555 913 724)
3(558 1033 728)
3(591 866 840)
3(720 847 1028)
3(143 719 964)
3(567 823 974)
3(597 807 928)
3(217 218 849)
3(202 203 855)
3(192 193 857)
3(212 213 853)
3(222 223 856)
3(227 228 854)
3(207 208 850)
3(247 248 859)
3(237 238 848)
3(242 243 851)
3(156 157 858)
3(272 273 852)
3(151 152 863)
3(146 147 862)
3(262 263 860)
3(252 253 864)
3(257 258 861)
3(267 268 865)
3(734 928 552)
3(971 734 552)
3(119 969 888)
3(567 919 823)
3(533 753 869)
3(132 891 800)
3(141 742 894)
3(580 755 996)
3(118 838 734)
3(600 1028 847)
3(526 816 754)
3(560 731 871)
3(135 723 897)
3(616 815 756)
3(761 1023 1029)
3(660 974 823)
3(569 744 830)
3(575 732 972)
3(567 791 798)
3(179 180 822)
3(29 1062 665)
3(630 823 919)
3(563 1064 737)
3(545 938 819)
3(535 747 878)
3(560 871 739)
3(577 871 731)
3(114 796 115)
3(576 737 1064)
3(576 754 816)
3(29 665 955)
3(63 960 669)
3(59 952 663)
3(55 953 662)
3(47 950 664)
3(43 946 661)
3(51 949 666)
3(39 957 667)
3(65 670 958)
3(33 668 959)
3(69 672 947)
3(105 671 956)
3(109 675 961)
3(73 674 941)
3(101 673 944)
3(81 679 954)
3(93 676 948)
3(85 677 945)
3(77 680 943)
3(97 678 942)
3(89 681 951)
3(525 794 1042)
3(577 740 868)
3(618 736 1031)
3(541 1051 835)
3(538 756 815)
3(168 169 812)
3(600 847 824)
3(559 937 729)
3(577 995 740)
3(621 1063 812)
3(531 1043 1035)
3(539 1023 761)
3(607 919 798)
3(720 835 1051)
3(181 757 973)
3(629 963 964)
3(581 821 814)
3(557 972 732)
3(687 882 929)
3(122 915 123)
3(528 847 896)
3(567 798 919)
3(525 868 740)
3(528 824 847)
3(595 929 882)
3(536 874 743)
3(629 738 1000)
3(726 1035 1043)
3(36 924 683)
3(36 683 923)
3(112 684 925)
3(112 922 684)
3(539 729 1023)
3(622 885 761)
3(182 183 917)
3(596 937 997)
3(143 964 144)
3(554 740 995)
3(543 967 759)
3(593 747 867)
3(580 1047 870)
3(135 897 136)
3(580 842 745)
3(541 1061 739)
3(736 824 1031)
3(589 898 940)
3(748 879 1044)
3(578 812 1058)
3(608 1060 735)
3(605 759 967)
3(169 170 1058)
3(175 176 882)
3(584 827 801)
3(529 1025 886)
3(659 1066 846)
3(585 840 866)
3(615 795 887)
3(724 886 1025)
3(614 739 1037)
3(590 971 746)
3(561 833 794)
3(59 1018 60)
3(55 1019 56)
3(47 1016 48)
3(51 1017 52)
3(43 1015 44)
3(32 1021 33)
3(39 1020 40)
3(68 1013 69)
3(104 1012 105)
3(108 1014 109)
3(72 1010 73)
3(100 1008 101)
3(80 1009 81)
3(92 1007 93)
3(84 1006 85)
3(76 1004 77)
3(96 1005 97)
3(88 1011 89)
3(734 971 969)
3(692 759 902)
3(580 996 842)
3(551 797 940)
3(591 756 936)
3(590 969 971)
3(603 794 833)
3(532 803 997)
3(598 744 1049)
3(591 816 866)
3(64 1027 65)
3(538 936 756)
3(171 918 749)
3(658 877 751)
3(532 1049 744)
3(658 1025 877)
3(173 1047 745)
3(546 818 930)
3(584 839 873)
3(117 838 118)
3(598 938 744)
3(525 740 966)
3(558 1030 743)
3(547 751 872)
3(574 878 747)
3(606 873 839)
3(619 966 763)
3(570 1059 763)
3(2 125 970)
3(2 970 126)
3(596 1029 1023)
3(547 875 935)
3(138 837 139)
3(608 1001 1060)
3(532 744 1040)
3(619 1055 794)
3(168 812 1063)
3(583 904 876)
3(619 763 1059)
3(5 764 880)
3(576 1064 754)
3(627 876 904)
3(577 762 995)
3(604 1022 846)
3(561 794 1055)
3(529 877 1025)
3(659 846 1022)
3(580 889 755)
3(608 1024 932)
3(541 805 1051)
3(539 761 885)
3(116 1002 117)
3(598 819 938)
3(692 902 965)
3(657 930 818)
3(627 748 1044)
3(527 831 1046)
3(605 902 759)
3(543 755 889)
3(545 836 1034)
3(691 821 881)
3(171 172 918)
3(560 965 902)
3(588 939 796)
3(691 899 801)
3(582 826 884)
3(719 908 1045)
3(631 1026 750)
3(574 800 891)
3(115 939 116)
3(528 1031 824)
3(553 1045 908)
3(552 746 971)
3(123 915 1054)
3(28 1062 29)
3(178 179 994)
3(608 735 1024)
3(665 1062 735)
3(124 750 1026)
3(584 801 899)
3(531 1035 752)
3(599 749 918)
3(561 1003 752)
3(581 881 821)
3(116 792 1002)
3(179 822 994)
3(624 845 806)
3(176 177 1048)
3(588 895 792)
3(177 791 1048)
3(564 803 934)
3(685 934 803)
3(595 791 974)
3(534 823 1066)
3(596 997 803)
3(165 809 909)
3(610 750 1054)
3(630 1066 823)
3(186 1060 1001)
3(567 974 791)
3(141 894 142)
3(669 960 765)
3(665 766 955)
3(663 952 768)
3(662 953 770)
3(664 950 772)
3(667 957 767)
3(666 949 773)
3(661 946 769)
3(668 771 959)
3(670 775 958)
3(672 776 947)
3(675 780 961)
3(671 781 956)
3(674 777 941)
3(673 783 944)
3(679 778 954)
3(676 784 948)
3(677 786 945)
3(681 779 951)
3(678 782 942)
3(680 785 943)
3(182 917 757)
3(616 748 1046)
3(178 994 798)
3(530 883 907)
3(184 185 968)
3(116 939 792)
3(112 925 113)
3(35 924 36)
3(36 923 37)
3(111 922 112)
3(566 751 1057)
3(130 901 131)
3(27 1024 28)
3(180 973 822)
3(115 796 939)
3(625 907 883)
3(122 760 915)
3(628 901 914)
3(593 962 800)
3(545 1034 830)
3(582 752 1035)
3(587 887 795)
3(588 796 880)
3(594 1003 890)
3(537 793 884)
3(533 1056 753)
3(1 26 932)
3(129 914 130)
3(130 914 901)
3(164 165 909)
3(617 822 973)
3(526 866 816)
3(628 830 1034)
3(97 942 98)
3(38 957 39)
3(101 944 102)
3(77 943 78)
3(85 945 86)
3(50 949 51)
3(73 941 74)
3(42 946 43)
3(93 948 94)
3(105 956 106)
3(89 951 90)
3(81 954 82)
3(46 950 47)
3(58 952 59)
3(54 953 55)
3(33 959 34)
3(29 955 30)
3(69 947 70)
3(109 961 110)
3(62 960 63)
3(65 958 66)
3(133 800 962)
3(589 892 898)
3(716 901 1034)
3(628 1034 901)
3(173 174 1047)
3(595 1048 791)
3(588 880 764)
3(588 792 939)
3(133 962 134)
3(564 761 1029)
3(584 899 839)
3(603 1042 794)
3(537 898 793)
3(534 931 823)
3(620 999 764)
3(587 795 968)
3(724 1025 828)
3(660 823 931)
3(626 878 836)
3(180 181 973)
3(592 906 933)
3(607 994 822)
3(124 1026 125)
3(635 933 906)
3(540 876 844)
3(690 807 975)
3(741 1049 997)
3(594 1030 829)
3(574 836 878)
3(617 905 822)
3(603 793 1053)
3(589 940 797)
3(568 1053 793)
3(607 822 905)
3(167 168 1063)
3(532 997 1049)
3(609 892 896)
3(627 844 876)
3(597 1002 792)
3(579 879 869)
3(184 968 795)
3(725 927 1052)
3(735 1062 1024)
3(538 912 817)
3(542 895 999)
3(589 896 892)
3(28 1024 1062)
3(713 869 879)
3(660 931 967)
3(129 810 914)
3(186 187 1060)
3(27 932 1024)
3(538 815 912)
3(0 1001 25)
3(579 844 1044)
3(600 817 912)
3(607 798 994)
3(627 1044 844)
3(684 922 788)
3(683 790 923)
3(683 924 789)
3(684 787 925)
3(605 967 931)
3(703 848 1013)
3(710 857 1021)
3(709 1020 855)
3(711 1017 849)
3(701 851 1010)
3(704 858 1014)
3(708 1015 850)
3(707 1019 856)
3(705 1016 853)
3(706 1018 854)
3(700 860 1011)
3(699 852 1005)
3(694 859 1004)
3(697 861 1006)
3(698 864 1009)
3(696 865 1007)
3(702 863 1012)
3(695 862 1008)
3(726 1043 811)
3(606 883 911)
3(542 975 807)
3(530 911 883)
3(579 1044 879)
3(550 839 899)
3(596 803 1029)
3(717 802 1056)
3(185 843 968)
3(753 1056 802)
3(564 1029 803)
3(546 930 846)
3(550 1050 839)
3(744 938 830)
3(525 1042 804)
3(590 888 969)
3(688 811 1043)
3(604 846 930)
3(670 1027 774)
3(587 968 843)
3(169 1058 812)
3(658 828 1025)
3(568 804 1053)
3(538 832 936)
3(611 1061 835)
3(597 928 838)
3(597 838 1002)
3(545 830 938)
3(657 998 930)
3(540 996 876)
3(734 838 928)
3(540 1052 842)
3(541 835 1061)
3(566 1057 841)
3(604 930 998)
3(685 1036 934)
3(601 1041 828)
3(739 871 1037)
3(610 934 1036)
3(595 882 1048)
3(174 870 1047)
3(751 877 1057)
3(623 841 1057)
3(555 828 1041)
3(117 1002 838)
3(687 929 889)
3(618 920 921)
3(577 868 1037)
3(610 1054 915)
3(623 1057 877)
3(543 889 929)
3(630 919 1038)
3(602 921 920)
3(614 1037 868)
3(540 842 996)
3(729 937 1023)
3(678 1005 852)
3(680 1004 859)
3(674 1010 851)
3(677 1006 861)
3(681 1011 860)
3(673 1008 862)
3(676 1007 865)
3(679 1009 864)
3(672 1013 848)
3(671 1012 863)
3(661 850 1015)
3(666 849 1017)
3(664 853 1016)
3(675 1014 858)
3(663 854 1018)
3(662 856 1019)
3(667 855 1020)
3(668 1021 857)
3(600 912 1028)
3(601 1032 1041)
3(631 970 1026)
3(125 1026 970)
3(722 1041 1032)
3(577 1037 871)
3(529 886 1039)
3(629 1000 963)
3(607 905 1038)
3(176 1048 882)
3(607 1038 919)
3(613 1039 886)
3(625 883 1050)
3(693 1055 1059)
3(619 1059 1055)
3(728 1033 916)
3(612 916 1033)
3(546 1038 905)
3(596 1023 937)
3(599 1052 927)
3(690 1039 1065)
3(629 964 1045)
3(613 1065 1039)
3(719 1045 964)
3(804 1042 1053)
3(603 1053 1042)
3(814 17 612)
3(612 17 916)
3(843 24 893)
3(893 22 634)
3(903 14 738)
3(634 22 827)
3(801 20 691)
3(185 6 843)
3(691 19 821)
3(728 15 903)
3(821 18 814)
3(916 16 728)
3(738 13 1000)
3(827 21 801)
3(963 3 144)
3(1000 12 963)
3(23 24 1435)
3(13 14 1280)
3(19 20 1233)
3(22 23 1435)
3(15 16 1270)
3(6 1385 24)
3(17 18 1356)
3(18 19 1363)
3(16 17 1458)
3(20 21 1343)
3(21 22 1369)
3(3 12 1505)
3(14 15 1445)
3(12 13 1542)
3(1581 1165 1232)
3(1071 1165 1581)
3(1251 378 1528)
3(1249 362 1529)
3(1248 358 1531)
3(1253 366 1532)
3(1252 1533 388)
3(1247 370 1530)
3(1250 374 1534)
3(1245 1535 352)
3(1246 1527 312)
3(1243 1526 348)
3(1244 1524 316)
3(1236 1519 344)
3(1237 1518 320)
3(1242 1523 332)
3(1240 1522 340)
3(1239 1521 336)
3(1238 1520 328)
3(1241 1525 324)
3(1528 378 1187)
3(1529 362 1191)
3(1532 366 1192)
3(1531 358 1195)
3(1533 1193 388)
3(1530 370 1190)
3(1534 374 1194)
3(1535 1198 352)
3(1526 1186 348)
3(1527 1188 312)
3(1524 1184 316)
3(1519 1180 344)
3(1518 1178 320)
3(1523 1183 332)
3(1522 1181 340)
3(1520 1179 328)
3(1521 1182 336)
3(1525 1185 324)
3(1073 1585 1177)
3(1585 1230 1177)
3(1352 1456 1111)
3(1518 435 11)
3(1520 444 445)
3(1519 464 465)
3(1522 459 460)
3(1521 454 455)
3(1523 449 450)
3(1524 430 431)
3(1525 439 440)
3(1526 469 470)
3(1527 425 426)
3(506 1528 505)
3(496 1530 495)
3(486 1529 485)
3(1533 519 520)
3(491 1532 490)
3(481 1531 480)
3(501 1534 500)
3(1535 474 475)
3(1069 1153 1507)
3(416 1306 1451)
3(1086 1257 1415)
3(1147 1444 1273)
3(394 393 1150)
3(1456 1170 1111)
3(293 1376 1173)
3(10 417 1174)
3(1086 1176 1429)
3(1099 1284 1353)
3(1148 1415 1257)
3(1105 1168 1279)
3(1127 1264 1341)
3(299 298 1164)
3(408 1460 1287)
3(1108 1351 1162)
3(1107 1199 1257)
3(1090 1298 1158)
3(1144 1463 1265)
3(1093 1350 1228)
3(1097 1341 1264)
3(1107 1299 1159)
3(421 1189 420)
3(511 1196 510)
3(515 1197 514)
3(1077 1279 1168)
3(1232 1349 1607)
3(410 1269 1291)
3(1129 1429 1176)
3(1107 1442 1459)
3(1093 1462 1350)
3(397 1157 1337)
3(1102 1273 1444)
3(355 1569 1211)
3(1116 1342 1289)
3(1135 1289 1342)
3(1137 1471 1202)
3(1083 1156 1281)
3(522 1277 1207)
3(356 355 1211)
3(408 1287 407)
3(1157 1459 1442)
3(1123 1416 1154)
3(1128 1353 1284)
3(1144 1265 1439)
3(1069 1373 1153)
3(1101 1362 1175)
3(1121 1267 1295)
3(1294 1371 1545)
3(293 292 1376)
3(1476 1106 1457)
3(1202 1471 1509)
3(1079 1263 1274)
3(410 1291 409)
3(504 1203 503)
3(489 1204 488)
3(484 1205 483)
3(522 1207 521)
3(499 1206 498)
3(494 1208 493)
3(509 1209 508)
3(517 1210 516)
3(479 1211 478)
3(428 1213 427)
3(477 1212 476)
3(433 1215 432)
3(472 1214 471)
3(423 1217 422)
3(467 1216 466)
3(442 1218 441)
3(452 1219 451)
3(457 1221 456)
3(437 1220 436)
3(462 1222 461)
3(447 1223 446)
3(1114 1359 1254)
3(1178 1518 11)
3(1180 1519 465)
3(1179 1520 445)
3(1181 1522 460)
3(1182 1521 455)
3(1183 1523 450)
3(1184 1524 431)
3(1185 1525 440)
3(1186 1526 470)
3(1188 1527 426)
3(1528 1187 505)
3(1530 1190 495)
3(1529 1191 485)
3(1193 1533 520)
3(1532 1192 490)
3(1531 1195 480)
3(1534 1194 500)
3(1198 1535 475)
3(1086 1415 1176)
3(1457 1106 1302)
3(1090 1158 1290)
3(1079 1440 1263)
3(1123 1154 1356)
3(1069 1507 1234)
3(403 1340 402)
3(397 1459 1157)
3(1107 1459 1299)
3(513 1225 512)
3(419 1226 418)
3(1162 1451 1306)
3(1263 1440 1482)
3(403 1333 1340)
3(1068 1341 1166)
3(291 1224 1376)
3(1091 1265 1463)
3(1254 1359 1374)
3(1117 1274 1263)
3(1201 1537 1564)
3(1111 1300 1224)
3(1147 1273 1473)
3(10 1306 416)
3(1098 1224 1300)
3(1113 1428 1155)
3(1090 1382 1298)
3(1115 1373 1158)
3(1537 1096 1564)
3(1089 1200 1477)
3(1113 1155 1367)
3(1098 1173 1376)
3(523 1277 522)
3(293 1173 1512)
3(1086 1429 1157)
3(1075 1264 1255)
3(1106 1164 1302)
3(1073 1371 1294)
3(1086 1157 1442)
3(1103 1432 1597)
3(1126 1176 1415)
3(1098 1292 1173)
3(1607 1349 1094)
3(1070 1339 1438)
3(1475 1100 1371)
3(1070 1573 1339)
3(1127 1255 1264)
3(1077 1289 1231)
3(1091 1409 1265)
3(1143 1477 1200)
3(299 1164 1430)
3(1083 1347 1156)
3(1106 1303 1164)
3(1107 1159 1360)
3(1235 1597 1432)
3(1123 1275 1416)
3(1177 1475 1371)
3(1201 1304 1537)
3(1108 1162 1383)
3(1121 1295 1411)
3(1114 1231 1278)
3(1135 1265 1409)
3(298 1302 1164)
3(1112 1355 1167)
3(1101 1283 1362)
3(414 1272 413)
3(1115 1158 1357)
3(1071 1419 1165)
3(10 1174 1422)
3(1098 1376 1224)
3(1099 1256 1284)
3(1105 1296 1175)
3(283 1350 1439)
3(1118 1279 1254)
3(1069 1169 1588)
3(1160 1278 1463)
3(1151 1434 1347)
3(279 1284 1256)
3(1076 1473 1273)
3(1102 1507 1281)
3(1139 1349 1437)
3(1091 1278 1231)
3(292 291 1376)
3(1091 1463 1278)
3(1281 1507 1603)
3(413 1272 1605)
3(1069 1446 1169)
3(1123 1423 1275)
3(282 281 1228)
3(1177 1230 1448)
3(1105 1362 1361)
3(1103 1545 1432)
3(1144 1439 1350)
3(1068 1166 1387)
3(405 1412 1229)
3(1085 1297 1301)
3(1136 1285 1432)
3(291 1352 1224)
3(1077 1254 1279)
3(1068 1175 1296)
3(306 305 1174)
3(378 377 1187)
3(358 357 1195)
3(366 365 1192)
3(389 388 1193)
3(362 361 1191)
3(370 369 1190)
3(374 373 1194)
3(385 384 1197)
3(382 381 1196)
3(353 352 1198)
3(349 348 1186)
3(313 312 1188)
3(309 308 1189)
3(317 316 1184)
3(345 344 1180)
3(333 332 1183)
3(321 320 1178)
3(341 340 1181)
3(337 336 1182)
3(325 324 1185)
3(329 328 1179)
3(1136 1545 1371)
3(1145 1426 1375)
3(1162 1351 1451)
3(1133 1298 1382)
3(1141 1287 1460)
3(1137 1202 1516)
3(1125 1301 1297)
3(1113 1166 1455)
3(1095 1448 1230)
3(1087 1168 1361)
3(1089 1293 1200)
3(394 1150 1543)
3(1120 1344 1269)
3(1090 1255 1382)
3(1104 1269 1344)
3(280 279 1256)
3(1113 1348 1166)
3(1127 1382 1255)
3(1112 1167 1449)
3(1118 1478 1358)
3(1105 1361 1168)
3(285 284 1265)
3(1163 1414 1417)
3(1068 1387 1175)
3(1078 1432 1285)
3(1110 1347 1434)
3(1095 1587 1280)
3(277 276 1261)
3(1105 1175 1362)
3(1084 1437 1349)
3(1129 1176 1435)
3(1101 1175 1387)
3(11 1324 1178)
3(465 1319 1180)
3(445 1321 1179)
3(460 1327 1181)
3(455 1320 1182)
3(450 1328 1183)
3(431 1325 1184)
3(440 1326 1185)
3(470 1318 1186)
3(505 1187 1311)
3(426 1323 1188)
3(520 1308 1193)
3(485 1191 1310)
3(495 1190 1315)
3(490 1192 1312)
3(510 1196 1309)
3(480 1195 1307)
3(500 1194 1314)
3(421 1322 1189)
3(475 1317 1198)
3(515 1313 1197)
3(420 1189 1330)
3(511 1332 1196)
3(514 1197 1331)
3(417 1329 1174)
3(1111 1170 1372)
3(1085 1509 1471)
3(1077 1168 1420)
3(306 1174 1467)
3(384 1466 1197)
3(382 1196 1465)
3(308 1464 1189)
3(1095 1280 1448)
3(1140 1361 1362)
3(1163 1417 1354)
3(1146 1260 1540)
3(1089 1417 1414)
3(1146 1564 1260)
3(1125 1234 1301)
3(1096 1305 1260)
3(1107 1360 1199)
3(1134 1280 1445)
3(1099 1268 1368)
3(1112 1260 1305)
3(1087 1378 1168)
3(1079 1274 1368)
3(1099 1368 1274)
3(1096 1282 1305)
3(1171 1280 1587)
3(1163 1605 1272)
3(1169 1290 1588)
3(1134 1448 1280)
3(1074 1345 1227)
3(359 358 1248)
3(379 378 1251)
3(363 362 1249)
3(388 387 1252)
3(367 366 1253)
3(371 370 1247)
3(375 374 1250)
3(352 351 1245)
3(312 311 1246)
3(348 347 1243)
3(316 315 1244)
3(344 343 1236)
3(332 331 1242)
3(320 319 1237)
3(324 323 1241)
3(340 339 1240)
3(336 335 1239)
3(328 327 1238)
3(1144 1350 1462)
3(1199 1453 1257)
3(279 278 1284)
3(1101 1479 1283)
3(504 1311 1203)
3(489 1312 1204)
3(484 1310 1205)
3(521 1207 1308)
3(499 1314 1206)
3(494 1315 1208)
3(479 1307 1211)
3(509 1309 1209)
3(516 1210 1313)
3(478 1211 1316)
3(477 1316 1212)
3(476 1212 1317)
3(471 1214 1318)
3(427 1213 1323)
3(432 1215 1325)
3(466 1216 1319)
3(422 1217 1322)
3(436 1220 1324)
3(456 1221 1320)
3(451 1219 1328)
3(441 1218 1326)
3(461 1222 1327)
3(446 1223 1321)
3(285 1265 1504)
3(1124 1375 1426)
3(406 1412 405)
3(288 1433 1258)
3(1120 1354 1417)
3(277 1261 1436)
3(1120 1417 1259)
3(1072 1540 1260)
3(1076 1273 1304)
3(1076 1304 1608)
3(1117 1228 1379)
3(1211 1569 1316)
3(1068 1408 1341)
3(512 1225 1332)
3(513 1331 1225)
3(418 1226 1329)
3(419 1330 1226)
3(1283 1479 1539)
3(434 1518 1237)
3(463 1519 1236)
3(453 1521 1239)
3(443 1520 1238)
3(458 1522 1240)
3(429 1524 1244)
3(438 1525 1241)
3(468 1526 1243)
3(448 1523 1242)
3(473 1535 1245)
3(424 1527 1246)
3(497 1247 1530)
3(482 1248 1531)
3(487 1249 1529)
3(502 1250 1534)
3(507 1251 1528)
3(518 1533 1252)
3(492 1253 1532)
3(434 1237 1404)
3(463 1236 1401)
3(443 1238 1407)
3(453 1239 1403)
3(458 1240 1406)
3(429 1244 1405)
3(438 1241 1394)
3(468 1243 1393)
3(448 1242 1402)
3(473 1245 1390)
3(497 1395 1247)
3(487 1398 1249)
3(482 1396 1248)
3(502 1392 1250)
3(424 1246 1400)
3(507 1397 1251)
3(492 1391 1253)
3(518 1252 1399)
3(8 392 1474)
3(1167 1355 1275)
3(280 1256 1379)
3(1227 1578 1300)
3(1096 1260 1564)
3(1126 1369 1176)
3(1154 1416 1285)
3(1104 1295 1267)
3(1117 1379 1256)
3(1073 1177 1371)
3(1092 1592 1275)
3(1104 1291 1269)
3(1098 1300 1578)
3(1201 1608 1304)
3(1074 1227 1582)
3(1094 1349 1470)
3(1116 1378 1258)
3(1136 1572 1285)
3(1128 1436 1261)
3(1078 1416 1275)
3(281 1379 1228)
3(1174 1329 1467)
3(1189 1464 1330)
3(1196 1332 1465)
3(1197 1466 1331)
3(1135 1504 1265)
3(1167 1275 1592)
3(1111 1224 1352)
3(1199 1540 1453)
3(1143 1200 1370)
3(397 1337 396)
3(301 1511 1276)
3(483 1205 1396)
3(488 1204 1398)
3(498 1206 1395)
3(503 1203 1392)
3(493 1208 1391)
3(508 1209 1397)
3(517 1399 1210)
3(428 1405 1213)
3(472 1390 1214)
3(433 1404 1215)
3(467 1393 1216)
3(423 1400 1217)
3(457 1406 1221)
3(442 1407 1218)
3(452 1403 1219)
3(462 1401 1222)
3(437 1394 1220)
3(447 1402 1223)
3(1067 1336 1508)
3(291 290 1352)
3(1110 1434 1440)
3(1134 1270 1475)
3(1125 1446 1234)
3(1093 1228 1452)
3(1110 1440 1335)
3(1133 1358 1478)
3(1283 1591 1362)
3(1156 1346 1410)
3(1159 1299 1515)
3(1086 1442 1257)
3(1067 1410 1346)
3(1591 1140 1362)
3(1160 1339 1573)
3(1153 1603 1507)
3(1120 1259 1344)
3(1134 1445 1270)
3(1100 1572 1371)
3(1172 1388 1580)
3(414 1351 1272)
3(1078 1355 1235)
3(282 1228 1350)
3(1069 1234 1446)
3(1130 1541 1306)
3(1141 1384 1287)
3(1113 1367 1271)
3(405 1229 1424)
3(1079 1368 1426)
3(1231 1289 1409)
3(1152 1476 1457)
3(1119 1304 1273)
3(1114 1468 1231)
3(1117 1452 1228)
3(393 1474 1150)
3(1099 1514 1256)
3(1092 1275 1423)
3(1142 1359 1366)
3(301 300 1511)
3(288 287 1433)
3(1161 1508 1336)
3(1128 1230 1353)
3(1113 1271 1348)
3(287 286 1342)
3(1118 1254 1374)
3(1154 1285 1575)
3(305 1338 1174)
3(1165 1517 1232)
3(1114 1366 1359)
3(1132 1427 1288)
3(1130 1437 1541)
3(1077 1231 1468)
3(1108 1414 1272)
3(1072 1453 1540)
3(1143 1574 1259)
3(1151 1347 1593)
3(1075 1255 1411)
3(1099 1353 1268)
3(1114 1278 1366)
3(1163 1272 1414)
3(1100 1475 1270)
3(1131 1438 1339)
3(1259 1574 1598)
3(1122 1229 1412)
3(1097 1370 1266)
3(1084 1517 1383)
3(1259 1417 1477)
3(1088 1580 1388)
3(1125 1297 1538)
3(1101 1348 1271)
3(1112 1449 1260)
3(1100 1575 1285)
3(1164 1427 1430)
3(1081 1288 1427)
3(1075 1574 1264)
3(1097 1455 1341)
3(345 1180 1483)
3(329 1179 1493)
3(337 1182 1496)
3(321 1178 1484)
3(341 1181 1485)
3(325 1185 1490)
3(333 1183 1487)
3(317 1184 1486)
3(349 1186 1489)
3(313 1188 1498)
3(309 1189 1503)
3(353 1198 1500)
3(369 1491 1190)
3(373 1492 1194)
3(377 1488 1187)
3(361 1494 1191)
3(381 1499 1196)
3(389 1193 1497)
3(365 1495 1192)
3(357 1502 1195)
3(385 1197 1501)
3(1111 1286 1582)
3(1122 1431 1229)
3(1098 1578 1292)
3(1262 1389 1593)
3(1092 1233 1441)
3(1115 1357 1570)
3(1577 1124 1368)
3(1077 1468 1254)
3(1117 1256 1514)
3(1151 1593 1389)
3(1112 1601 1355)
3(1113 1455 1266)
3(1114 1254 1468)
3(1095 1230 1450)
3(1084 1383 1541)
3(1090 1421 1255)
3(1235 1355 1601)
3(1116 1258 1433)
3(1166 1341 1455)
3(1570 1357 1454)
3(399 1299 398)
3(1091 1231 1409)
3(1113 1266 1428)
3(1075 1598 1574)
3(1092 1423 1233)
3(1093 1263 1482)
3(1139 1437 1334)
3(1125 1538 1418)
3(1268 1577 1368)
3(1153 1373 1377)
3(9 1543 524)
3(1148 1592 1381)
3(1078 1235 1432)
3(1082 1267 1386)
3(1107 1257 1442)
3(1111 1582 1300)
3(1155 1288 1367)
3(1174 1338 1422)
3(1145 1335 1426)
3(1120 1269 1600)
3(415 1351 414)
3(1080 1374 1359)
3(298 297 1302)
3(1128 1450 1230)
3(1108 1272 1351)
3(1115 1377 1373)
3(300 299 1430)
3(1097 1264 1583)
3(359 1248 1560)
3(363 1249 1561)
3(367 1253 1559)
3(379 1251 1562)
3(387 1563 1252)
3(371 1247 1558)
3(375 1250 1557)
3(351 1555 1245)
3(311 1556 1246)
3(347 1552 1243)
3(315 1554 1244)
3(331 1553 1242)
3(319 1550 1237)
3(323 1547 1241)
3(343 1546 1236)
3(339 1551 1240)
3(335 1548 1239)
3(327 1549 1238)
3(1160 1462 1339)
3(1105 1606 1296)
3(410 1600 1269)
3(1132 1430 1427)
3(1158 1373 1588)
3(1088 1360 1447)
3(1143 1259 1477)
3(1282 1508 1305)
3(1108 1293 1414)
3(1127 1341 1408)
3(1121 1386 1267)
3(1093 1339 1462)
3(1159 1447 1360)
3(1148 1425 1592)
3(480 1307 479)
3(521 1308 520)
3(510 1309 509)
3(485 1310 484)
3(516 1313 515)
3(505 1311 504)
3(490 1312 489)
3(478 1316 477)
3(500 1314 499)
3(495 1315 494)
3(456 1320 455)
3(11 436 1324)
3(471 1318 470)
3(476 1317 475)
3(466 1319 465)
3(446 1321 445)
3(422 1322 421)
3(427 1323 426)
3(432 1325 431)
3(461 1327 460)
3(441 1326 440)
3(451 1328 450)
3(1090 1290 1421)
3(1081 1367 1288)
3(1078 1275 1355)
3(1103 1375 1294)
3(360 1560 1205)
3(364 1561 1204)
3(372 1558 1206)
3(376 1557 1203)
3(368 1559 1208)
3(380 1562 1209)
3(386 1210 1563)
3(350 1214 1555)
3(314 1213 1554)
3(310 1217 1556)
3(346 1216 1552)
3(318 1215 1550)
3(338 1221 1551)
3(326 1218 1549)
3(334 1219 1548)
3(342 1222 1546)
3(322 1220 1547)
3(330 1223 1553)
3(1129 1435 1385)
3(1141 1594 1384)
3(418 1329 417)
3(420 1330 419)
3(512 1332 511)
3(514 1331 513)
3(1072 1260 1449)
3(1156 1347 1346)
3(288 1258 1443)
3(1128 1261 1450)
3(295 1292 1596)
3(1151 1389 1438)
3(283 282 1350)
3(354 1212 1569)
3(1101 1387 1348)
3(1118 1374 1478)
3(1148 1257 1453)
3(1081 1271 1367)
3(275 1505 1506)
3(1227 1300 1582)
3(1122 1589 1287)
3(1141 1291 1469)
3(1155 1607 1288)
3(1117 1263 1452)
3(1124 1294 1375)
3(1165 1383 1517)
3(435 1518 434)
3(449 1523 448)
3(454 1521 453)
3(439 1525 438)
3(469 1526 468)
3(430 1524 429)
3(464 1519 463)
3(474 1535 473)
3(444 1520 443)
3(507 1528 506)
3(502 1534 501)
3(492 1532 491)
3(459 1522 458)
3(482 1531 481)
3(519 1533 518)
3(497 1530 496)
3(487 1529 486)
3(425 1527 424)
3(1115 1570 1377)
3(1082 1594 1267)
3(1110 1346 1347)
3(1104 1344 1295)
3(1128 1284 1436)
3(1258 1378 1576)
3(1104 1469 1291)
3(1104 1267 1469)
3(296 295 1596)
3(1152 1292 1578)
3(1094 1288 1607)
3(1262 1377 1570)
3(1182 1320 1496)
3(1179 1321 1493)
3(1178 1324 1484)
3(1181 1327 1485)
3(1180 1319 1483)
3(1185 1326 1490)
3(1183 1328 1487)
3(1184 1325 1486)
3(1186 1318 1489)
3(1188 1323 1498)
3(1189 1322 1503)
3(1198 1317 1500)
3(1196 1499 1309)
3(1190 1491 1315)
3(1194 1492 1314)
3(1191 1494 1310)
3(1193 1308 1497)
3(1187 1488 1311)
3(1192 1495 1312)
3(1195 1502 1307)
3(1197 1313 1501)
3(1162 1541 1383)
3(1093 1452 1263)
3(1172 1608 1388)
3(523 1602 1277)
3(1097 1266 1455)
3(1100 1270 1575)
3(1133 1382 1408)
3(1262 1570 1389)
3(276 1506 1261)
3(1109 1516 1365)
3(1139 1470 1349)
3(493 1391 492)
3(508 1397 507)
3(518 1399 517)
3(498 1395 497)
3(488 1398 487)
3(483 1396 482)
3(503 1392 502)
3(463 1401 462)
3(473 1390 472)
3(468 1393 467)
3(424 1400 423)
3(438 1394 437)
3(429 1405 428)
3(434 1404 433)
3(448 1402 447)
3(458 1406 457)
3(453 1403 452)
3(443 1407 442)
3(1276 1094 1470)
3(1513 1094 1276)
3(300 1430 1511)
3(1109 1365 1461)
3(1075 1411 1295)
3(287 1342 1433)
3(278 1436 1284)
3(1122 1538 1297)
3(301 1276 1380)
3(1142 1389 1570)
3(1068 1296 1358)
3(1102 1413 1273)
3(284 1439 1265)
3(1158 1298 1357)
3(1303 1571 1565)
3(1202 1365 1516)
3(1111 1372 1286)
3(1117 1514 1274)
3(1109 1340 1333)
3(401 1364 400)
3(390 1207 1604)
3(1172 1461 1365)
3(1105 1279 1606)
3(1087 1361 1480)
3(1077 1420 1289)
3(1102 1281 1413)
3(1119 1273 1413)
3(305 304 1338)
3(1118 1606 1279)
3(1118 1358 1296)
3(390 1497 1207)
3(356 1211 1502)
3(360 1205 1494)
3(364 1204 1495)
3(372 1206 1492)
3(376 1203 1488)
3(368 1208 1491)
3(380 1209 1499)
3(354 1500 1212)
3(386 1501 1210)
3(350 1489 1214)
3(314 1498 1213)
3(310 1503 1217)
3(346 1483 1216)
3(318 1486 1215)
3(338 1496 1221)
3(326 1490 1218)
3(334 1487 1219)
3(342 1485 1222)
3(322 1484 1220)
3(330 1493 1223)
3(1067 1584 1336)
3(1119 1410 1282)
3(1160 1573 1278)
3(1083 1377 1593)
3(1080 1357 1298)
3(412 1354 411)
3(1142 1366 1389)
3(1101 1271 1479)
3(1119 1282 1537)
3(1163 1354 1605)
3(1073 1577 1585)
3(1081 1303 1565)
3(1149 1340 1461)
3(1262 1593 1377)
3(399 1515 1299)
3(1171 1506 1505)
3(1123 1356 1363)
3(1099 1274 1514)
3(1229 1471 1424)
3(297 296 1457)
3(1070 1438 1389)
3(1109 1461 1340)
3(1067 1282 1410)
3(1070 1389 1366)
3(1137 1424 1471)
3(1078 1285 1416)
3(1171 1542 1280)
3(1268 1585 1577)
3(383 1225 1466)
3(383 1465 1225)
3(307 1467 1226)
3(307 1226 1464)
3(1081 1565 1271)
3(1164 1303 1427)
3(398 1459 397)
3(1138 1539 1479)
3(276 275 1506)
3(1096 1537 1282)
3(1085 1301 1509)
3(1135 1409 1289)
3(1122 1412 1589)
3(284 283 1439)
3(1122 1287 1384)
3(1083 1281 1603)
3(1278 1573 1366)
3(1131 1482 1440)
3(1290 1586 1421)
3(1120 1600 1354)
3(1150 1277 1602)
3(1147 1509 1301)
3(411 1600 410)
3(405 1424 404)
3(1126 1343 1369)
3(1071 1428 1567)
3(1201 1388 1608)
3(1127 1408 1382)
3(1157 1429 1337)
3(1266 1567 1428)
3(1156 1579 1281)
3(1132 1288 1513)
3(1103 1336 1375)
3(360 359 1560)
3(364 363 1561)
3(372 371 1558)
3(368 367 1559)
3(376 375 1557)
3(387 386 1563)
3(380 379 1562)
3(351 350 1555)
3(315 314 1554)
3(311 310 1556)
3(347 346 1552)
3(319 318 1550)
3(339 338 1551)
3(327 326 1549)
3(335 334 1548)
3(343 342 1546)
3(323 322 1547)
3(331 330 1553)
3(1276 1511 1513)
3(1234 1444 1301)
3(1122 1384 1538)
3(1093 1482 1339)
3(1133 1478 1298)
3(1132 1513 1511)
3(1145 1375 1336)
3(1074 1539 1345)
3(1140 1591 1286)
3(1133 1408 1358)
3(355 354 1569)
3(1080 1298 1478)
3(409 1291 1460)
3(1200 1293 1419)
3(1074 1286 1591)
3(1200 1419 1567)
3(407 1287 1589)
3(1088 1472 1360)
3(1126 1415 1381)
3(302 301 1380)
3(1140 1286 1480)
3(1067 1508 1282)
3(1100 1285 1572)
3(1089 1414 1293)
3(1116 1289 1420)
3(1148 1381 1415)
3(1161 1305 1508)
3(1112 1305 1601)
3(7 1512 294)
3(7 293 1512)
3(1138 1565 1571)
3(1089 1477 1417)
3(281 280 1379)
3(1150 1602 1543)
3(1074 1582 1286)
3(1161 1336 1597)
3(412 1605 1354)
3(1125 1418 1446)
3(1161 1601 1305)
3(10 1422 1306)
3(1118 1296 1606)
3(1169 1446 1418)
3(1119 1537 1304)
3(1146 1388 1564)
3(1103 1597 1336)
3(1071 1567 1419)
3(1201 1564 1388)
3(1122 1297 1431)
3(1150 1474 1566)
3(1083 1593 1347)
3(1081 1427 1303)
3(303 302 1544)
3(1140 1480 1361)
3(1234 1507 1444)
3(1199 1360 1472)
3(1169 1586 1290)
3(1069 1588 1373)
3(1147 1301 1444)
3(1085 1431 1297)
3(1087 1576 1378)
3(1233 1423 1363)
3(409 1460 408)
3(1102 1444 1507)
3(1130 1338 1481)
3(1233 1343 1441)
3(1124 1426 1368)
3(1261 1587 1450)
3(1173 1292 1568)
3(1116 1433 1342)
3(304 303 1481)
3(1070 1366 1573)
3(1095 1450 1587)
3(1094 1513 1288)
3(296 1596 1457)
3(391 390 1604)
3(402 1536 401)
3(1150 1566 1277)
3(1207 1277 1604)
3(295 1568 1292)
3(1126 1441 1343)
3(1073 1294 1577)
3(1141 1460 1291)
3(1103 1294 1545)
3(1123 1363 1423)
3(303 1544 1334)
3(401 1536 1364)
3(1166 1348 1387)
3(404 1590 403)
3(1130 1334 1437)
3(403 1590 1333)
3(1106 1476 1345)
3(1227 1345 1476)
3(1137 1516 1333)
3(1076 1608 1365)
3(1138 1345 1539)
3(415 1451 1351)
3(1152 1596 1292)
3(1172 1365 1608)
3(524 1543 1602)
3(1109 1333 1516)
3(278 277 1436)
3(1211 1307 1502)
3(1207 1497 1308)
3(1205 1310 1494)
3(1204 1312 1495)
3(1206 1314 1492)
3(1209 1309 1499)
3(1208 1315 1491)
3(1203 1311 1488)
3(1210 1501 1313)
3(1212 1500 1317)
3(1214 1489 1318)
3(1217 1503 1322)
3(1213 1498 1323)
3(1216 1483 1319)
3(1215 1486 1325)
3(1221 1496 1320)
3(1218 1490 1326)
3(1219 1487 1328)
3(1223 1493 1321)
3(1220 1484 1324)
3(1222 1485 1327)
3(398 1299 1459)
3(1158 1588 1290)
3(402 1340 1536)
3(1072 1449 1425)
3(396 1510 395)
3(303 1334 1481)
3(307 306 1467)
3(384 383 1466)
3(383 382 1465)
3(308 307 1464)
3(1108 1599 1293)
3(289 288 1443)
3(392 391 1566)
3(400 1364 1515)
3(304 1481 1338)
3(1167 1425 1449)
3(297 1457 1302)
3(1170 1456 1443)
3(1135 1342 1504)
3(1087 1372 1576)
3(1124 1577 1294)
3(1129 1337 1429)
3(1130 1422 1338)
3(1136 1432 1545)
3(1079 1426 1335)
3(1075 1295 1598)
3(8 1474 393)
3(290 289 1456)
3(289 1443 1456)
3(416 1451 415)
3(1159 1515 1364)
3(1068 1358 1408)
3(1170 1576 1372)
3(322 321 1484)
3(381 380 1499)
3(318 317 1486)
3(342 341 1485)
3(334 333 1487)
3(369 368 1491)
3(346 345 1483)
3(377 376 1488)
3(326 325 1490)
3(314 313 1498)
3(330 329 1493)
3(338 337 1496)
3(373 372 1492)
3(361 360 1494)
3(365 364 1495)
3(386 385 1501)
3(390 389 1497)
3(350 349 1489)
3(310 309 1503)
3(357 356 1502)
3(354 353 1500)
3(286 1504 1342)
3(1131 1440 1434)
3(1258 1576 1443)
3(1170 1443 1576)
3(407 1589 406)
3(1137 1333 1590)
3(1130 1306 1422)
3(1130 1481 1334)
3(286 285 1504)
3(1106 1571 1303)
3(1126 1381 1441)
3(1145 1336 1584)
3(1079 1335 1440)
3(1076 1365 1473)
3(1162 1306 1541)
3(1129 1510 1337)
3(1266 1370 1567)
3(1202 1473 1365)
3(1168 1378 1420)
3(400 1515 399)
3(1134 1475 1448)
3(1149 1364 1536)
3(295 294 1568)
3(1177 1448 1475)
3(1082 1386 1418)
3(1232 1517 1349)
3(1283 1539 1591)
3(1136 1371 1572)
3(1116 1420 1378)
3(1159 1364 1447)
3(1145 1595 1335)
3(1131 1339 1482)
3(1110 1335 1595)
3(1149 1447 1364)
3(413 1605 412)
3(1074 1591 1539)
3(1151 1438 1434)
3(1169 1418 1386)
3(1139 1334 1544)
3(1121 1411 1421)
3(396 1337 1510)
3(1267 1594 1469)
3(1277 1566 1604)
3(1080 1359 1454)
3(1084 1541 1437)
3(1131 1434 1438)
3(391 1604 1566)
3(1255 1421 1411)
3(1202 1509 1473)
3(290 1456 1352)
3(524 1602 523)
3(392 1566 1474)
3(1080 1454 1357)
3(9 394 1543)
3(1121 1586 1386)
3(1142 1454 1359)
3(1149 1536 1340)
3(1169 1386 1586)
3(1226 1330 1464)
3(1225 1465 1332)
3(1225 1331 1466)
3(1226 1467 1329)
3(1147 1473 1509)
3(1245 1555 1390)
3(1252 1563 1399)
3(1251 1397 1562)
3(1253 1391 1559)
3(1243 1552 1393)
3(1246 1556 1400)
3(1250 1392 1557)
3(1249 1398 1561)
3(1247 1395 1558)
3(1248 1396 1560)
3(1242 1553 1402)
3(1241 1547 1394)
3(1236 1546 1401)
3(1239 1548 1403)
3(1240 1551 1406)
3(1238 1549 1407)
3(1244 1554 1405)
3(1237 1550 1404)
3(1268 1353 1585)
3(1148 1453 1425)
3(1084 1349 1517)
3(1072 1425 1453)
3(1121 1421 1586)
3(1092 1441 1381)
3(1138 1571 1345)
3(1259 1598 1344)
3(395 1510 1385)
3(1295 1344 1598)
3(1106 1345 1571)
3(1088 1388 1472)
3(1092 1381 1592)
3(1286 1372 1480)
3(1067 1346 1584)
3(1132 1511 1430)
3(1230 1585 1353)
3(1146 1472 1388)
3(1212 1316 1569)
3(1129 1385 1510)
3(411 1354 1600)
3(1200 1567 1370)
3(1110 1595 1346)
3(1080 1478 1374)
3(1153 1377 1603)
3(1139 1380 1470)
3(1139 1544 1380)
3(1087 1480 1372)
3(1199 1472 1540)
3(1082 1418 1538)
3(1276 1470 1380)
3(1082 1384 1594)
3(1083 1603 1377)
3(1108 1383 1599)
3(1146 1540 1472)
3(1227 1476 1578)
3(1143 1370 1583)
3(1281 1579 1413)
3(1152 1578 1476)
3(1137 1590 1424)
3(406 1589 1412)
3(1293 1599 1419)
3(1165 1599 1383)
3(1097 1583 1370)
3(302 1380 1544)
3(1229 1431 1471)
3(1160 1463 1462)
3(1119 1579 1410)
3(1152 1457 1596)
3(1165 1419 1599)
3(1085 1471 1431)
3(1172 1580 1461)
3(1144 1462 1463)
3(1156 1410 1579)
3(1082 1538 1384)
3(1271 1565 1479)
3(1220 1394 1547)
3(1222 1401 1546)
3(1216 1393 1552)
3(1219 1403 1548)
3(1223 1402 1553)
3(1215 1404 1550)
3(1218 1407 1549)
3(1221 1406 1551)
3(1214 1390 1555)
3(1213 1405 1554)
3(1203 1557 1392)
3(1208 1559 1391)
3(1206 1558 1395)
3(1217 1400 1556)
3(1205 1560 1396)
3(1204 1561 1398)
3(1209 1562 1397)
3(1210 1399 1563)
3(1142 1570 1454)
3(1143 1583 1574)
3(1173 1568 1512)
3(294 1512 1568)
3(1264 1574 1583)
3(1119 1413 1579)
3(1071 1581 1428)
3(1171 1505 1542)
3(1149 1580 1447)
3(404 1424 1590)
3(1149 1461 1580)
3(1155 1428 1581)
3(1167 1592 1425)
3(1235 1601 1597)
3(1161 1597 1601)
3(1270 1458 1575)
3(1154 1575 1458)
3(1088 1447 1580)
3(1138 1479 1565)
3(1141 1469 1594)
3(1232 1607 1581)
3(1171 1587 1506)
3(1155 1581 1607)
3(1261 1506 1587)
3(1346 1595 1584)
3(1145 1584 1595)
3(1356 1154 17)
3(1154 1458 17)
3(1385 1435 24)
3(1435 1176 22)
3(1445 1280 14)
3(1176 1369 22)
3(1343 1233 20)
3(395 1385 6)
3(1233 1363 19)
3(1270 1445 15)
3(1363 1356 18)
3(1458 1270 16)
3(1280 1542 13)
3(1369 1343 21)
3(1505 275 3)
3(1542 1505 12)
4(119 300 301 118)
4(144 275 276 143)
4(30 389 390 29)
4(32 387 388 31)
4(40 379 380 39)
4(56 363 364 55)
4(64 355 356 63)
4(62 357 358 61)
4(70 349 350 69)
4(46 373 374 45)
4(54 365 366 53)
4(72 347 348 71)
4(48 371 372 47)
4(112 307 308 111)
4(104 315 316 103)
4(78 341 342 77)
4(94 325 326 93)
4(96 323 324 95)
4(110 309 310 109)
4(102 317 318 101)
4(88 331 332 87)
4(86 333 334 85)
4(38 381 382 37)
4(80 339 340 79)
4(126 293 7 2)
4(34 385 386 33)
4(36 383 384 35)
4(44 375 376 43)
4(42 377 378 41)
4(52 367 368 51)
4(60 359 360 59)
4(58 361 362 57)
4(50 369 370 49)
4(74 345 346 73)
4(66 353 354 65)
4(68 351 352 67)
4(116 303 304 115)
4(114 305 306 113)
4(76 343 344 75)
4(98 321 322 97)
4(108 311 312 107)
4(92 327 328 91)
4(100 319 320 99)
4(90 329 330 89)
4(106 313 314 105)
4(82 337 338 81)
4(84 335 336 83)
4(28 391 392 27)
4(125 294 295 124)
4(27 392 8 1)
4(121 298 299 120)
4(123 296 297 122)
4(134 285 286 133)
4(1 8 393 26)
4(140 279 280 139)
4(138 281 282 137)
4(25 394 9 0)
4(31 388 389 30)
4(39 380 381 38)
4(63 356 357 62)
4(71 348 349 70)
4(55 364 365 54)
4(47 372 373 46)
4(79 340 341 78)
4(103 316 317 102)
4(111 308 309 110)
4(87 332 333 86)
4(95 324 325 94)
4(33 386 387 32)
4(37 382 383 36)
4(35 384 385 34)
4(45 374 375 44)
4(41 378 379 40)
4(43 376 377 42)
4(77 342 343 76)
4(53 366 367 52)
4(51 368 369 50)
4(49 370 371 48)
4(61 358 359 60)
4(69 350 351 68)
4(57 362 363 56)
4(59 360 361 58)
4(67 352 353 66)
4(73 346 347 72)
4(65 354 355 64)
4(75 344 345 74)
4(115 304 305 114)
4(81 338 339 80)
4(105 314 315 104)
4(93 326 327 92)
4(91 328 329 90)
4(97 322 323 96)
4(89 330 331 88)
4(113 306 307 112)
4(99 320 321 98)
4(107 312 313 106)
4(101 318 319 100)
4(109 310 311 108)
4(83 336 337 82)
4(85 334 335 84)
4(117 302 303 116)
4(29 390 391 28)
4(2 7 294 125)
4(127 292 293 126)
4(124 295 296 123)
4(141 278 279 140)
4(137 282 283 136)
4(26 393 394 25)
4(136 283 284 135)
4(132 287 288 131)
4(135 284 285 134)
4(143 276 277 142)
4(131 288 289 130)
4(120 299 300 119)
4(122 297 298 121)
4(133 286 287 132)
4(129 290 291 128)
4(130 289 290 129)
4(142 277 278 141)
4(128 291 292 127)
4(139 280 281 138)
4(118 301 302 117)
3(275 144 3)
4(266 265 445 444)
4(246 245 465 464)
4(251 250 460 459)
4(256 255 455 454)
4(261 260 450 449)
4(271 270 440 439)
4(241 240 470 469)
4(204 506 505 205)
4(214 496 495 215)
4(224 486 485 225)
4(191 190 520 519)
4(219 491 490 220)
4(229 481 480 230)
4(209 501 500 210)
4(236 235 475 474)
4(199 511 510 200)
4(195 515 514 196)
4(206 504 503 207)
4(221 489 488 222)
4(226 484 483 227)
4(188 522 521 189)
4(211 499 498 212)
4(216 494 493 217)
4(201 509 508 202)
4(193 517 516 194)
4(231 479 478 232)
4(233 477 476 234)
4(238 472 471 239)
4(243 467 466 244)
4(268 442 441 269)
4(258 452 451 259)
4(253 457 456 254)
4(273 437 436 274)
4(248 462 461 249)
4(263 447 446 264)
4(197 513 512 198)
4(187 523 522 188)
4(0 9 524 186)
4(230 480 479 231)
4(189 521 520 190)
4(200 510 509 201)
4(225 485 484 226)
4(194 516 515 195)
4(205 505 504 206)
4(220 490 489 221)
4(232 478 477 233)
4(210 500 499 211)
4(215 495 494 216)
4(254 456 455 255)
4(4 274 436 11)
4(239 471 470 240)
4(234 476 475 235)
4(244 466 465 245)
4(264 446 445 265)
4(249 461 460 250)
4(269 441 440 270)
4(259 451 450 260)
4(198 512 511 199)
4(196 514 513 197)
4(261 449 448 262)
4(256 454 453 257)
4(271 439 438 272)
4(241 469 468 242)
4(246 464 463 247)
4(236 474 473 237)
4(266 444 443 267)
4(203 507 506 204)
4(208 502 501 209)
4(218 492 491 219)
4(251 459 458 252)
4(228 482 481 229)
4(191 519 518 192)
4(213 497 496 214)
4(223 487 486 224)
4(217 493 492 218)
4(202 508 507 203)
4(192 518 517 193)
4(212 498 497 213)
4(222 488 487 223)
4(227 483 482 228)
4(207 503 502 208)
4(247 463 462 248)
4(237 473 472 238)
4(242 468 467 243)
4(272 438 437 273)
4(262 448 447 263)
4(252 458 457 253)
4(257 453 452 258)
4(267 443 442 268)
4(186 524 523 187)
4(145 4 11 435)
4(150 149 431 430)
4(155 154 426 425)
4(5 163 417 10)
4(159 421 420 160)
4(172 408 407 173)
4(170 410 409 171)
4(152 428 427 153)
4(147 433 432 148)
4(157 423 422 158)
4(177 403 402 178)
4(161 419 418 162)
4(5 10 416 164)
4(166 414 413 167)
4(174 406 405 175)
4(183 397 396 184)
4(181 399 398 182)
4(165 415 414 166)
4(158 422 421 159)
4(153 427 426 154)
4(148 432 431 149)
4(162 418 417 163)
4(160 420 419 161)
4(145 435 434 146)
4(150 430 429 151)
4(155 425 424 156)
4(156 424 423 157)
4(151 429 428 152)
4(146 434 433 147)
4(179 401 400 180)
4(168 412 411 169)
4(182 398 397 183)
4(169 411 410 170)
4(175 405 404 176)
4(171 409 408 172)
4(178 402 401 179)
4(176 404 403 177)
4(184 396 395 185)
4(164 416 415 165)
4(173 407 406 174)
4(180 400 399 181)
4(167 413 412 168)
3(185 395 6)
)


// ************************************************************************* //
