/*--------------------------------*- C++ -*----------------------------------*\
| =========                 |                                                 |
| \\      /  F ield         | OpenFOAM: The Open Source CFD Toolbox           |
|  \\    /   O peration     | Version:  v1706                                 |
|   \\  /    A nd           | Web:      www.OpenFOAM.com                      |
|    \\/     M anipulation  |                                                 |
\*---------------------------------------------------------------------------*/
FoamFile
{
    version     2.0;
    format      ascii;
    class       labelList;
    note        "nPoints:1609  nCells:1352  nFaces:4853  nInternalFaces:1893";
    location    "constant/fluid/polyMesh";
    object      neighbour;
}
// * * * * * * * * * * * * * * * * * * * * * * * * * * * * * * * * * * * * * //


1893
(
3
1338
1340
1348
1342
1344
1339
1345
1347
1338
1343
1336
1346
1344
1346
1337
1347
1342
1349
1341
1349
1350
1351
1340
1345
1348
1351
15
569
1330
233
1316
34
374
451
35
375
449
37
373
448
36
377
453
38
376
452
39
378
447
40
379
450
41
380
445
43
381
446
42
382
443
44
383
441
45
384
437
46
386
436
47
385
444
48
388
440
50
389
438
49
390
439
51
387
442
159
267
161
271
163
269
164
268
162
270
160
272
165
273
166
276
157
277
158
278
155
280
150
281
149
283
154
282
152
284
151
287
153
285
156
286
53
481
910
255
1252
78
499
1204
149
769
151
777
150
775
152
781
153
771
154
770
155
774
156
772
157
773
158
786
159
778
160
784
161
785
162
783
163
780
164
782
165
779
166
776
118
172
537
178
189
1130
83
167
533
105
188
1036
299
556
345
1118
122
197
199
234
344
101
167
200
116
236
579
759
1004
98
308
871
93
212
694
216
228
113
292
1040
224
290
663
360
392
653
169
192
862
117
183
1288
103
527
544
597
666
175
219
532
338
341
335
342
340
343
264
347
208
1180
1330
126
483
687
318
1122
114
175
653
391
696
174
502
956
860
1041
112
429
989
108
1003
1047
939
1119
124
293
924
217
943
958
130
198
1056
880
995
174
204
171
221
478
563
791
258
861
648
1035
230
316
319
225
479
695
203
288
1061
248
168
552
1069
346
1203
170
185
365
991
395
507
396
505
397
504
398
399
506
400
508
402
509
403
510
401
404
408
511
405
406
409
513
407
512
411
515
410
514
415
517
414
518
413
516
412
520
416
519
417
521
184
570
631
320
321
322
323
324
325
326
327
328
330
329
333
332
331
334
336
337
339
206
202
1117
721
1102
179
1167
916
1336
545
1032
180
1103
934
1101
431
432
433
434
290
1169
644
945
867
1068
259
430
637
235
248
263
214
249
566
660
766
866
194
223
1025
190
499
654
244
1217
1018
235
484
196
641
1321
291
301
232
664
689
476
937
215
298
1010
548
655
207
235
823
1008
1312
204
956
212
578
596
218
228
481
1059
533
220
257
1023
477
997
621
1046
487
797
211
583
920
222
540
582
536
1049
305
551
573
873
227
640
501
691
594
665
750
1028
933
1164
360
697
651
1323
253
491
481
1178
485
1021
820
1269
853
1194
247
554
580
497
939
661
306
473
629
394
530
251
542
624
862
1024
1285
656
1018
243
557
265
316
686
258
755
941
264
566
877
252
370
1035
249
902
1282
313
577
1191
303
393
426
1168
250
874
1041
317
645
830
249
640
537
943
369
1189
545
1020
558
1062
492
544
296
1178
308
316
353
1061
1124
391
311
1065
420
549
585
294
938
1037
312
489
1124
499
523
626
311
859
348
568
612
617
616
615
613
610
611
349
618
350
614
609
606
607
351
608
605
598
604
601
602
600
603
599
1124
1182
419
657
985
1074
826
983
547
1060
864
1071
358
590
304
630
637
352
632
308
364
872
992
1002
1012
1208
302
538
658
305
634
483
790
474
564
1065
955
592
1116
529
758
878
418
861
354
356
581
319
651
925
524
789
352
368
1050
423
828
1199
1238
743
1339
757
710
801
713
803
714
800
718
802
709
799
720
805
717
806
719
804
711
807
704
816
716
808
700
815
702
814
708
812
705
817
701
811
699
818
707
813
715
809
712
810
703
819
494
746
495
747
496
748
493
745
865
1133
938
1286
873
1173
493
1107
496
1108
495
1109
494
1110
371
535
1031
422
909
357
425
1270
1002
1010
476
1022
526
980
363
367
476
1033
371
539
1340
366
579
647
592
1006
1038
1173
366
550
917
692
937
926
1331
581
909
1034
1102
1175
486
986
1070
667
670
668
671
669
672
673
674
675
676
677
681
678
679
680
682
683
684
1288
500
759
855
435
907
704
1087
705
1083
702
1082
700
1081
707
1084
708
1086
699
1080
701
1085
703
1088
429
706
706
1254
712
1089
711
1090
716
1092
717
1094
713
1093
715
1091
710
1099
709
1095
720
1097
719
1096
718
1100
714
1098
497
1163
767
1044
1276
561
636
751
424
947
490
1079
538
588
575
749
427
553
485
1072
480
492
555
1254
694
1132
747
1214
748
1215
745
1216
746
1213
935
1181
454
769
455
775
457
771
456
777
458
781
459
774
460
772
461
773
462
770
463
776
468
786
464
784
466
782
465
785
467
779
469
778
471
783
470
780
844
1235
838
1230
848
1233
847
1231
846
1232
843
1234
842
1229
840
1222
845
1228
839
1218
834
1226
835
1225
836
1227
837
1224
841
1223
832
1220
831
1221
833
1219
1127
1206
498
723
480
1011
484
762
1271
952
1341
567
925
790
794
627
498
558
1248
793
621
954
762
1013
830
849
636
792
1183
1001
1182
752
791
723
925
1011
1216
1213
1214
1215
1119
1322
575
1264
1257
1272
1195
560
857
979
836
1306
835
1307
834
1304
837
1302
831
1303
832
1308
833
1309
843
1301
839
1300
844
1297
840
1294
841
1305
846
1299
848
1298
847
1295
838
1293
842
1292
845
1296
562
900
1000
1204
528
1156
539
582
1175
545
1016
555
821
1167
1187
983
988
535
1181
534
750
1289
914
1131
653
922
1250
987
685
902
1260
1243
1345
1001
1182
589
822
1287
659
663
635
651
723
755
572
1161
1169
744
942
564
760
918
951
1044
1125
640
939
1274
1284
875
1021
573
631
766
1027
1127
627
917
643
570
906
1210
851
854
1005
1014
662
1252
591
854
1155
758
593
1326
656
876
768
1180
580
595
688
959
1067
1199
626
581
663
693
1239
584
691
1311
628
1028
853
1202
1236
944
825
1186
1200
642
1243
620
940
824
1171
1279
633
768
1238
691
1010
1247
1327
646
856
757
907
749
825
1001
688
933
722
1029
642
1314
637
824
803
1140
800
1144
799
1145
801
1134
802
1137
804
1142
805
1138
806
1136
807
1151
808
1143
809
1152
810
1154
812
1139
813
1146
816
1141
814
1147
811
1135
815
1150
817
1148
818
1153
819
1149
654
865
1013
1026
1281
796
628
827
913
643
1043
1241
638
787
647
1044
1121
631
866
754
635
1006
641
824
662
1050
820
1199
721
1202
1323
1047
1207
1310
914
1101
957
1126
1039
821
982
1067
1193
1016
1265
927
664
1260
1077
1208
698
1004
1248
695
788
1179
762
722
765
1123
1125
1185
687
947
1074
1198
1259
1117
752
787
851
1279
1314
961
1227
962
1225
964
1221
967
1220
966
1219
963
1226
965
1224
968
1218
970
1223
971
1222
969
1234
978
1228
972
1235
977
1229
976
1230
973
1232
975
1231
974
1233
696
1282
871
1019
950
1251
1035
1102
697
996
1327
1000
1005
1002
1111
955
1209
982
1184
1237
1322
946
760
767
960
1061
881
961
1306
882
962
1307
883
963
1304
884
965
1302
885
964
1303
886
967
1308
888
966
1309
889
968
1300
890
969
1301
891
970
1305
892
971
1294
893
972
1297
894
973
1299
895
974
1298
896
975
1295
897
976
1293
898
977
1292
899
978
1296
1255
1338
1267
1329
1104
789
1112
1157
1045
795
1057
1075
920
1191
887
989
1254
1065
1259
1237
932
915
936
1350
940
942
995
793
1060
1329
797
1332
821
1121
1278
798
1196
1267
1258
1245
855
1038
1157
794
1196
1052
1075
1274
1051
827
913
1095
1098
1099
1100
1093
1096
1097
1094
1090
1092
1091
1089
1085
1086
1084
1082
1081
1087
1083
1080
1088
1169
954
1076
948
1205
1325
955
988
858
936
1333
852
864
1078
1261
850
1266
979
1051
1251
870
921
1126
1047
1079
981
1026
998
1266
906
1310
878
1132
874
875
941
904
911
1009
1164
1172
1249
917
921
1078
1064
1114
879
1053
1056
1076
1287
877
1031
1263
1003
1273
1315
1115
1019
1019
1081
1150
1080
1153
1082
1147
1083
1148
1084
1146
1087
1141
1086
1139
1085
1135
1089
1154
1088
1149
1090
1151
1092
1143
1091
1152
1093
1140
1094
1136
1095
1145
1096
1142
1097
1138
1100
1137
1099
1134
1098
1144
1166
1250
908
922
1283
944
913
1028
1268
990
1207
1015
1256
923
1291
937
1021
1015
927
1059
932
1029
921
1211
1320
1174
1317
1331
1062
1346
924
1281
1052
1117
923
1000
1049
1275
1317
1348
1236
929
1108
1215
1109
1214
931
1107
1216
1110
1213
1291
1029
1101
1073
1328
949
1276
981
1268
1049
1156
1186
1034
1240
1256
1012
1055
1036
1217
1256
1319
1058
1349
957
1024
1316
1025
1122
1171
1273
1289
984
1051
985
1023
984
1032
1036
1290
1186
990
1251
1166
1073
1190
993
999
1132
1259
1040
1060
994
1277
1013
1190
1024
1257
1159
1033
1247
1004
1165
1280
1031
1249
1183
1017
1017
1008
1313
1242
1328
1077
1023
1324
1189
1020
1324
1161
1192
1025
1253
1037
1055
1206
1063
1280
1041
1264
1212
1286
1120
1062
1344
1115
1123
1162
1058
1342
1050
1333
1057
1312
1106
1115
1284
1201
1064
1103
1197
1197
1177
1165
1121
1106
1193
1176
1068
1319
1162
1160
1070
1246
1271
1078
1160
1076
1168
1242
1130
1284
1205
1211
1116
1239
1195
1244
1162
1269
1277
1129
1201
1206
1131
1174
1322
1129
1158
1155
1133
1263
1170
1161
1167
1245
1129
1204
1184
1158
1163
1200
1158
1276
1275
1246
1241
1335
1172
1195
1255
1257
1203
1183
1178
1188
1211
1313
1192
1265
1238
1190
1188
1187
1335
1258
1318
1200
1212
1262
1202
1240
1329
1201
1207
1210
1217
1212
1240
1310
1300
1309
1308
1303
1294
1305
1302
1307
1304
1306
1296
1292
1293
1295
1299
1298
1301
1297
1252
1239
1248
1246
1245
1255
1343
1253
1263
1334
1270
1334
1268
1262
1266
1280
1270
1290
1290
1278
1274
1279
1311
1315
1319
1285
1285
1286
1288
1289
1315
1320
1328
1314
1313
1321
1351
1320
1327
1332
1324
1326
1347
1337
1332
1333
1335
1337
1341
)


// ************************************************************************* //
