/*--------------------------------*- C++ -*----------------------------------*\
| =========                 |                                                 |
| \\      /  F ield         | OpenFOAM: The Open Source CFD Toolbox           |
|  \\    /   O peration     | Version:  v1706                                 |
|   \\  /    A nd           | Web:      www.OpenFOAM.com                      |
|    \\/     M anipulation  |                                                 |
\*---------------------------------------------------------------------------*/
FoamFile
{
    version     2.0;
    format      ascii;
    class       vectorField;
    location    "constant/fluid/polyMesh";
    object      points;
}
// * * * * * * * * * * * * * * * * * * * * * * * * * * * * * * * * * * * * * //


1609
(
(0.04495717 -0.105 -0.0019628724)
(0.049952411 -0.105 -0.0021809694)
(0.049952411 0.145 -0.0021809694)
(0 0.145 0)
(0.04495717 0.075 -0.0019628724)
(0.04495717 0.115 -0.0019628724)
(0 0.115 0)
(0.049952411 0.145 0.0021809694)
(0.049952411 -0.105 0.0021809694)
(0.04495717 -0.105 0.0019628724)
(0.04495717 0.115 0.0019628724)
(0.04495717 0.075 0.0019628724)
(0 0.14262813 0)
(0 0.14029376 0)
(0 0.13799631 0)
(0 0.13573518 0)
(0 0.13350981 0)
(0 0.13131963 0)
(0 0.12916408 0)
(0 0.12704261 0)
(0 0.12495469 0)
(0 0.12289979 0)
(0 0.12087738 0)
(0 0.11888694 0)
(0 0.11692798 0)
(0.046500047 -0.105 -0.0020302359)
(0.048162061 -0.105 -0.002102801)
(0.049952411 -0.1025 -0.0021809694)
(0.049952411 -0.1 -0.0021809694)
(0.049952411 -0.0975 -0.0021809694)
(0.049952411 -0.095 -0.0021809694)
(0.049952411 -0.0925 -0.0021809694)
(0.049952411 -0.09 -0.0021809694)
(0.049952411 -0.0875 -0.0021809694)
(0.049952411 -0.085 -0.0021809694)
(0.049952411 -0.0825 -0.0021809694)
(0.049952411 -0.08 -0.0021809694)
(0.049952411 -0.0775 -0.0021809694)
(0.049952411 -0.075 -0.0021809694)
(0.049952411 -0.0725 -0.0021809694)
(0.049952411 -0.07 -0.0021809694)
(0.049952411 -0.0675 -0.0021809694)
(0.049952411 -0.065 -0.0021809694)
(0.049952411 -0.0625 -0.0021809694)
(0.049952411 -0.06 -0.0021809694)
(0.049952411 -0.0575 -0.0021809694)
(0.049952411 -0.055 -0.0021809694)
(0.049952411 -0.0525 -0.0021809694)
(0.049952411 -0.05 -0.0021809694)
(0.049952411 -0.0475 -0.0021809694)
(0.049952411 -0.045 -0.0021809694)
(0.049952411 -0.0425 -0.0021809694)
(0.049952411 -0.04 -0.0021809694)
(0.049952411 -0.0375 -0.0021809694)
(0.049952411 -0.035 -0.0021809694)
(0.049952411 -0.0325 -0.0021809694)
(0.049952411 -0.03 -0.0021809694)
(0.049952411 -0.0275 -0.0021809694)
(0.049952411 -0.025 -0.0021809694)
(0.049952411 -0.0225 -0.0021809694)
(0.049952411 -0.02 -0.0021809694)
(0.049952411 -0.0175 -0.0021809694)
(0.049952411 -0.015 -0.0021809694)
(0.049952411 -0.0125 -0.0021809694)
(0.049952411 -0.01 -0.0021809694)
(0.049952411 -0.0075 -0.0021809694)
(0.049952411 -0.005 -0.0021809694)
(0.049952411 -0.0025 -0.0021809694)
(0.049952411 -2.6367797e-13 -0.0021809694)
(0.049952411 0.0025 -0.0021809694)
(0.049952411 0.005 -0.0021809694)
(0.049952411 0.0075 -0.0021809694)
(0.049952411 0.01 -0.0021809694)
(0.049952411 0.0125 -0.0021809694)
(0.049952411 0.015 -0.0021809694)
(0.049952411 0.0175 -0.0021809694)
(0.049952411 0.02 -0.0021809694)
(0.049952411 0.0225 -0.0021809694)
(0.049952411 0.025 -0.0021809694)
(0.049952411 0.0275 -0.0021809694)
(0.049952411 0.03 -0.0021809694)
(0.049952411 0.0325 -0.0021809694)
(0.049952411 0.035 -0.0021809694)
(0.049952411 0.0375 -0.0021809694)
(0.049952411 0.04 -0.0021809694)
(0.049952411 0.0425 -0.0021809694)
(0.049952411 0.045 -0.0021809694)
(0.049952411 0.0475 -0.0021809694)
(0.049952411 0.05 -0.0021809694)
(0.049952411 0.0525 -0.0021809694)
(0.049952411 0.055 -0.0021809694)
(0.049952411 0.0575 -0.0021809694)
(0.049952411 0.06 -0.0021809694)
(0.049952411 0.0625 -0.0021809694)
(0.049952411 0.065 -0.0021809694)
(0.049952411 0.0675 -0.0021809694)
(0.049952411 0.07 -0.0021809694)
(0.049952411 0.0725 -0.0021809694)
(0.049952411 0.075 -0.0021809694)
(0.049952411 0.0775 -0.0021809694)
(0.049952411 0.08 -0.0021809694)
(0.049952411 0.0825 -0.0021809694)
(0.049952411 0.085 -0.0021809694)
(0.049952411 0.0875 -0.0021809694)
(0.049952411 0.09 -0.0021809694)
(0.049952411 0.0925 -0.0021809694)
(0.049952411 0.095 -0.0021809694)
(0.049952411 0.0975 -0.0021809694)
(0.049952411 0.1 -0.0021809694)
(0.049952411 0.1025 -0.0021809694)
(0.049952411 0.105 -0.0021809694)
(0.049952411 0.1075 -0.0021809694)
(0.049952411 0.11 -0.0021809694)
(0.049952411 0.1125 -0.0021809694)
(0.049952411 0.115 -0.0021809694)
(0.049952411 0.1175 -0.0021809694)
(0.049952411 0.12 -0.0021809694)
(0.049952411 0.1225 -0.0021809694)
(0.049952411 0.125 -0.0021809694)
(0.049952411 0.1275 -0.0021809694)
(0.049952411 0.13 -0.0021809694)
(0.049952411 0.1325 -0.0021809694)
(0.049952411 0.135 -0.0021809694)
(0.049952411 0.1375 -0.0021809694)
(0.049952411 0.14 -0.0021809694)
(0.049952411 0.1425 -0.0021809694)
(0.047454791 0.145 -0.0020719209)
(0.04495717 0.145 -0.0019628724)
(0.042459549 0.145 -0.001853824)
(0.039961929 0.145 -0.0017447755)
(0.037464308 0.145 -0.001635727)
(0.034966688 0.145 -0.0015266786)
(0.032469067 0.145 -0.0014176301)
(0.029971447 0.145 -0.0013085816)
(0.027473826 0.145 -0.0011995332)
(0.024976206 0.145 -0.0010904847)
(0.022478585 0.145 -0.00098143622)
(0.019980964 0.145 -0.00087238775)
(0.017483344 0.145 -0.00076333928)
(0.014985723 0.145 -0.00065429081)
(0.012488103 0.145 -0.00054524234)
(0.0099904822 0.145 -0.00043619387)
(0.0074928617 0.145 -0.00032714541)
(0.0049952411 0.145 -0.00021809694)
(0.0024976206 0.145 -0.00010904847)
(0.04495717 0.077 -0.0019628724)
(0.04495717 0.079 -0.0019628724)
(0.04495717 0.081 -0.0019628724)
(0.04495717 0.083 -0.0019628724)
(0.04495717 0.085 -0.0019628724)
(0.04495717 0.087 -0.0019628724)
(0.04495717 0.089 -0.0019628724)
(0.04495717 0.091 -0.0019628724)
(0.04495717 0.093 -0.0019628724)
(0.04495717 0.095 -0.0019628724)
(0.04495717 0.097 -0.0019628724)
(0.04495717 0.099 -0.0019628724)
(0.04495717 0.101 -0.0019628724)
(0.04495717 0.103 -0.0019628724)
(0.04495717 0.105 -0.0019628724)
(0.04495717 0.107 -0.0019628724)
(0.04495717 0.109 -0.0019628724)
(0.04495717 0.111 -0.0019628724)
(0.04495717 0.113 -0.0019628724)
(0.04300251 0.115 -0.0018775302)
(0.041047851 0.115 -0.0017921879)
(0.039093191 0.115 -0.0017068456)
(0.037138532 0.115 -0.0016215033)
(0.035183872 0.115 -0.001536161)
(0.033229213 0.115 -0.0014508188)
(0.031274553 0.115 -0.0013654765)
(0.029319893 0.115 -0.0012801342)
(0.027365234 0.115 -0.0011947919)
(0.025410574 0.115 -0.0011094496)
(0.023455915 0.115 -0.0010241074)
(0.021501255 0.115 -0.00093876508)
(0.019546596 0.115 -0.0008534228)
(0.017591936 0.115 -0.00076808052)
(0.015637277 0.115 -0.00068273824)
(0.013682617 0.115 -0.00059739596)
(0.011727957 0.115 -0.00051205368)
(0.0097732978 0.115 -0.0004267114)
(0.0078186383 0.115 -0.00034136912)
(0.0058639787 0.115 -0.00025602684)
(0.0039093191 0.115 -0.00017068456)
(0.0019546596 0.115 -8.534228e-05)
(0.04495717 -0.103 -0.0019628724)
(0.04495717 -0.101 -0.0019628724)
(0.04495717 -0.099 -0.0019628724)
(0.04495717 -0.097 -0.0019628724)
(0.04495717 -0.095 -0.0019628724)
(0.04495717 -0.093 -0.0019628724)
(0.04495717 -0.091 -0.0019628724)
(0.04495717 -0.089 -0.0019628724)
(0.04495717 -0.087 -0.0019628724)
(0.04495717 -0.085 -0.0019628724)
(0.04495717 -0.083 -0.0019628724)
(0.04495717 -0.081 -0.0019628724)
(0.04495717 -0.079 -0.0019628724)
(0.04495717 -0.077 -0.0019628724)
(0.04495717 -0.075 -0.0019628724)
(0.04495717 -0.073 -0.0019628724)
(0.04495717 -0.071 -0.0019628724)
(0.04495717 -0.069 -0.0019628724)
(0.04495717 -0.067 -0.0019628724)
(0.04495717 -0.065 -0.0019628724)
(0.04495717 -0.063 -0.0019628724)
(0.04495717 -0.061 -0.0019628724)
(0.04495717 -0.059 -0.0019628724)
(0.04495717 -0.057 -0.0019628724)
(0.04495717 -0.055 -0.0019628724)
(0.04495717 -0.053 -0.0019628724)
(0.04495717 -0.051 -0.0019628724)
(0.04495717 -0.049 -0.0019628724)
(0.04495717 -0.047 -0.0019628724)
(0.04495717 -0.045 -0.0019628724)
(0.04495717 -0.043 -0.0019628724)
(0.04495717 -0.041 -0.0019628724)
(0.04495717 -0.039 -0.0019628724)
(0.04495717 -0.037 -0.0019628724)
(0.04495717 -0.035 -0.0019628724)
(0.04495717 -0.033 -0.0019628724)
(0.04495717 -0.031 -0.0019628724)
(0.04495717 -0.029 -0.0019628724)
(0.04495717 -0.027 -0.0019628724)
(0.04495717 -0.025 -0.0019628724)
(0.04495717 -0.023 -0.0019628724)
(0.04495717 -0.021 -0.0019628724)
(0.04495717 -0.019 -0.0019628724)
(0.04495717 -0.017 -0.0019628724)
(0.04495717 -0.015 -0.0019628724)
(0.04495717 -0.013 -0.0019628724)
(0.04495717 -0.011 -0.0019628724)
(0.04495717 -0.009 -0.0019628724)
(0.04495717 -0.007 -0.0019628724)
(0.04495717 -0.005 -0.0019628724)
(0.04495717 -0.003 -0.0019628724)
(0.04495717 -0.001 -0.0019628724)
(0.04495717 0.001 -0.0019628724)
(0.04495717 0.003 -0.0019628724)
(0.04495717 0.005 -0.0019628724)
(0.04495717 0.007 -0.0019628724)
(0.04495717 0.009 -0.0019628724)
(0.04495717 0.011 -0.0019628724)
(0.04495717 0.013 -0.0019628724)
(0.04495717 0.015 -0.0019628724)
(0.04495717 0.017 -0.0019628724)
(0.04495717 0.019 -0.0019628724)
(0.04495717 0.021 -0.0019628724)
(0.04495717 0.023 -0.0019628724)
(0.04495717 0.025 -0.0019628724)
(0.04495717 0.027 -0.0019628724)
(0.04495717 0.029 -0.0019628724)
(0.04495717 0.031 -0.0019628724)
(0.04495717 0.033 -0.0019628724)
(0.04495717 0.035 -0.0019628724)
(0.04495717 0.037 -0.0019628724)
(0.04495717 0.039 -0.0019628724)
(0.04495717 0.041 -0.0019628724)
(0.04495717 0.043 -0.0019628724)
(0.04495717 0.045 -0.0019628724)
(0.04495717 0.047 -0.0019628724)
(0.04495717 0.049 -0.0019628724)
(0.04495717 0.051 -0.0019628724)
(0.04495717 0.053 -0.0019628724)
(0.04495717 0.055 -0.0019628724)
(0.04495717 0.057 -0.0019628724)
(0.04495717 0.059 -0.0019628724)
(0.04495717 0.061 -0.0019628724)
(0.04495717 0.063 -0.0019628724)
(0.04495717 0.065 -0.0019628724)
(0.04495717 0.067 -0.0019628724)
(0.04495717 0.069 -0.0019628724)
(0.04495717 0.071 -0.0019628724)
(0.04495717 0.073 -0.0019628724)
(0.0024976206 0.145 0.00010904847)
(0.0049952411 0.145 0.00021809694)
(0.0074928617 0.145 0.00032714541)
(0.0099904822 0.145 0.00043619387)
(0.012488103 0.145 0.00054524234)
(0.014985723 0.145 0.00065429081)
(0.017483344 0.145 0.00076333928)
(0.019980964 0.145 0.00087238775)
(0.022478585 0.145 0.00098143622)
(0.024976206 0.145 0.0010904847)
(0.027473826 0.145 0.0011995332)
(0.029971447 0.145 0.0013085816)
(0.032469067 0.145 0.0014176301)
(0.034966688 0.145 0.0015266786)
(0.037464308 0.145 0.001635727)
(0.039961929 0.145 0.0017447755)
(0.042459549 0.145 0.001853824)
(0.04495717 0.145 0.0019628724)
(0.047454791 0.145 0.0020719209)
(0.049952411 0.1425 0.0021809694)
(0.049952411 0.14 0.0021809694)
(0.049952411 0.1375 0.0021809694)
(0.049952411 0.135 0.0021809694)
(0.049952411 0.1325 0.0021809694)
(0.049952411 0.13 0.0021809694)
(0.049952411 0.1275 0.0021809694)
(0.049952411 0.125 0.0021809694)
(0.049952411 0.1225 0.0021809694)
(0.049952411 0.12 0.0021809694)
(0.049952411 0.1175 0.0021809694)
(0.049952411 0.115 0.0021809694)
(0.049952411 0.1125 0.0021809694)
(0.049952411 0.11 0.0021809694)
(0.049952411 0.1075 0.0021809694)
(0.049952411 0.105 0.0021809694)
(0.049952411 0.1025 0.0021809694)
(0.049952411 0.1 0.0021809694)
(0.049952411 0.0975 0.0021809694)
(0.049952411 0.095 0.0021809694)
(0.049952411 0.0925 0.0021809694)
(0.049952411 0.09 0.0021809694)
(0.049952411 0.0875 0.0021809694)
(0.049952411 0.085 0.0021809694)
(0.049952411 0.0825 0.0021809694)
(0.049952411 0.08 0.0021809694)
(0.049952411 0.0775 0.0021809694)
(0.049952411 0.075 0.0021809694)
(0.049952411 0.0725 0.0021809694)
(0.049952411 0.07 0.0021809694)
(0.049952411 0.0675 0.0021809694)
(0.049952411 0.065 0.0021809694)
(0.049952411 0.0625 0.0021809694)
(0.049952411 0.06 0.0021809694)
(0.049952411 0.0575 0.0021809694)
(0.049952411 0.055 0.0021809694)
(0.049952411 0.0525 0.0021809694)
(0.049952411 0.05 0.0021809694)
(0.049952411 0.0475 0.0021809694)
(0.049952411 0.045 0.0021809694)
(0.049952411 0.0425 0.0021809694)
(0.049952411 0.04 0.0021809694)
(0.049952411 0.0375 0.0021809694)
(0.049952411 0.035 0.0021809694)
(0.049952411 0.0325 0.0021809694)
(0.049952411 0.03 0.0021809694)
(0.049952411 0.0275 0.0021809694)
(0.049952411 0.025 0.0021809694)
(0.049952411 0.0225 0.0021809694)
(0.049952411 0.02 0.0021809694)
(0.049952411 0.0175 0.0021809694)
(0.049952411 0.015 0.0021809694)
(0.049952411 0.0125 0.0021809694)
(0.049952411 0.01 0.0021809694)
(0.049952411 0.0075 0.0021809694)
(0.049952411 0.005 0.0021809694)
(0.049952411 0.0025 0.0021809694)
(0.049952411 -2.6367797e-13 0.0021809694)
(0.049952411 -0.0025 0.0021809694)
(0.049952411 -0.005 0.0021809694)
(0.049952411 -0.0075 0.0021809694)
(0.049952411 -0.01 0.0021809694)
(0.049952411 -0.0125 0.0021809694)
(0.049952411 -0.015 0.0021809694)
(0.049952411 -0.0175 0.0021809694)
(0.049952411 -0.02 0.0021809694)
(0.049952411 -0.0225 0.0021809694)
(0.049952411 -0.025 0.0021809694)
(0.049952411 -0.0275 0.0021809694)
(0.049952411 -0.03 0.0021809694)
(0.049952411 -0.0325 0.0021809694)
(0.049952411 -0.035 0.0021809694)
(0.049952411 -0.0375 0.0021809694)
(0.049952411 -0.04 0.0021809694)
(0.049952411 -0.0425 0.0021809694)
(0.049952411 -0.045 0.0021809694)
(0.049952411 -0.0475 0.0021809694)
(0.049952411 -0.05 0.0021809694)
(0.049952411 -0.0525 0.0021809694)
(0.049952411 -0.055 0.0021809694)
(0.049952411 -0.0575 0.0021809694)
(0.049952411 -0.06 0.0021809694)
(0.049952411 -0.0625 0.0021809694)
(0.049952411 -0.065 0.0021809694)
(0.049952411 -0.0675 0.0021809694)
(0.049952411 -0.07 0.0021809694)
(0.049952411 -0.0725 0.0021809694)
(0.049952411 -0.075 0.0021809694)
(0.049952411 -0.0775 0.0021809694)
(0.049952411 -0.08 0.0021809694)
(0.049952411 -0.0825 0.0021809694)
(0.049952411 -0.085 0.0021809694)
(0.049952411 -0.0875 0.0021809694)
(0.049952411 -0.09 0.0021809694)
(0.049952411 -0.0925 0.0021809694)
(0.049952411 -0.095 0.0021809694)
(0.049952411 -0.0975 0.0021809694)
(0.049952411 -0.1 0.0021809694)
(0.049952411 -0.1025 0.0021809694)
(0.048162061 -0.105 0.002102801)
(0.046500047 -0.105 0.0020302359)
(0.0019546596 0.115 8.534228e-05)
(0.0039093191 0.115 0.00017068456)
(0.0058639787 0.115 0.00025602684)
(0.0078186383 0.115 0.00034136912)
(0.0097732978 0.115 0.0004267114)
(0.011727957 0.115 0.00051205368)
(0.013682617 0.115 0.00059739596)
(0.015637277 0.115 0.00068273824)
(0.017591936 0.115 0.00076808052)
(0.019546596 0.115 0.0008534228)
(0.021501255 0.115 0.00093876508)
(0.023455915 0.115 0.0010241074)
(0.025410574 0.115 0.0011094496)
(0.027365234 0.115 0.0011947919)
(0.029319893 0.115 0.0012801342)
(0.031274553 0.115 0.0013654765)
(0.033229213 0.115 0.0014508188)
(0.035183872 0.115 0.001536161)
(0.037138532 0.115 0.0016215033)
(0.039093191 0.115 0.0017068456)
(0.041047851 0.115 0.0017921879)
(0.04300251 0.115 0.0018775302)
(0.04495717 0.113 0.0019628724)
(0.04495717 0.111 0.0019628724)
(0.04495717 0.109 0.0019628724)
(0.04495717 0.107 0.0019628724)
(0.04495717 0.105 0.0019628724)
(0.04495717 0.103 0.0019628724)
(0.04495717 0.101 0.0019628724)
(0.04495717 0.099 0.0019628724)
(0.04495717 0.097 0.0019628724)
(0.04495717 0.095 0.0019628724)
(0.04495717 0.093 0.0019628724)
(0.04495717 0.091 0.0019628724)
(0.04495717 0.089 0.0019628724)
(0.04495717 0.087 0.0019628724)
(0.04495717 0.085 0.0019628724)
(0.04495717 0.083 0.0019628724)
(0.04495717 0.081 0.0019628724)
(0.04495717 0.079 0.0019628724)
(0.04495717 0.077 0.0019628724)
(0.04495717 0.073 0.0019628724)
(0.04495717 0.071 0.0019628724)
(0.04495717 0.069 0.0019628724)
(0.04495717 0.067 0.0019628724)
(0.04495717 0.065 0.0019628724)
(0.04495717 0.063 0.0019628724)
(0.04495717 0.061 0.0019628724)
(0.04495717 0.059 0.0019628724)
(0.04495717 0.057 0.0019628724)
(0.04495717 0.055 0.0019628724)
(0.04495717 0.053 0.0019628724)
(0.04495717 0.051 0.0019628724)
(0.04495717 0.049 0.0019628724)
(0.04495717 0.047 0.0019628724)
(0.04495717 0.045 0.0019628724)
(0.04495717 0.043 0.0019628724)
(0.04495717 0.041 0.0019628724)
(0.04495717 0.039 0.0019628724)
(0.04495717 0.037 0.0019628724)
(0.04495717 0.035 0.0019628724)
(0.04495717 0.033 0.0019628724)
(0.04495717 0.031 0.0019628724)
(0.04495717 0.029 0.0019628724)
(0.04495717 0.027 0.0019628724)
(0.04495717 0.025 0.0019628724)
(0.04495717 0.023 0.0019628724)
(0.04495717 0.021 0.0019628724)
(0.04495717 0.019 0.0019628724)
(0.04495717 0.017 0.0019628724)
(0.04495717 0.015 0.0019628724)
(0.04495717 0.013 0.0019628724)
(0.04495717 0.011 0.0019628724)
(0.04495717 0.009 0.0019628724)
(0.04495717 0.007 0.0019628724)
(0.04495717 0.005 0.0019628724)
(0.04495717 0.003 0.0019628724)
(0.04495717 0.001 0.0019628724)
(0.04495717 -0.001 0.0019628724)
(0.04495717 -0.003 0.0019628724)
(0.04495717 -0.005 0.0019628724)
(0.04495717 -0.007 0.0019628724)
(0.04495717 -0.009 0.0019628724)
(0.04495717 -0.011 0.0019628724)
(0.04495717 -0.013 0.0019628724)
(0.04495717 -0.015 0.0019628724)
(0.04495717 -0.017 0.0019628724)
(0.04495717 -0.019 0.0019628724)
(0.04495717 -0.021 0.0019628724)
(0.04495717 -0.023 0.0019628724)
(0.04495717 -0.025 0.0019628724)
(0.04495717 -0.027 0.0019628724)
(0.04495717 -0.029 0.0019628724)
(0.04495717 -0.031 0.0019628724)
(0.04495717 -0.033 0.0019628724)
(0.04495717 -0.035 0.0019628724)
(0.04495717 -0.037 0.0019628724)
(0.04495717 -0.039 0.0019628724)
(0.04495717 -0.041 0.0019628724)
(0.04495717 -0.043 0.0019628724)
(0.04495717 -0.045 0.0019628724)
(0.04495717 -0.047 0.0019628724)
(0.04495717 -0.049 0.0019628724)
(0.04495717 -0.051 0.0019628724)
(0.04495717 -0.053 0.0019628724)
(0.04495717 -0.055 0.0019628724)
(0.04495717 -0.057 0.0019628724)
(0.04495717 -0.059 0.0019628724)
(0.04495717 -0.061 0.0019628724)
(0.04495717 -0.063 0.0019628724)
(0.04495717 -0.065 0.0019628724)
(0.04495717 -0.067 0.0019628724)
(0.04495717 -0.069 0.0019628724)
(0.04495717 -0.071 0.0019628724)
(0.04495717 -0.073 0.0019628724)
(0.04495717 -0.075 0.0019628724)
(0.04495717 -0.077 0.0019628724)
(0.04495717 -0.079 0.0019628724)
(0.04495717 -0.081 0.0019628724)
(0.04495717 -0.083 0.0019628724)
(0.04495717 -0.085 0.0019628724)
(0.04495717 -0.087 0.0019628724)
(0.04495717 -0.089 0.0019628724)
(0.04495717 -0.091 0.0019628724)
(0.04495717 -0.093 0.0019628724)
(0.04495717 -0.095 0.0019628724)
(0.04495717 -0.097 0.0019628724)
(0.04495717 -0.099 0.0019628724)
(0.04495717 -0.101 0.0019628724)
(0.04495717 -0.103 0.0019628724)
(0.014659947 0.12964931 -0.0006400671)
(0.034517434 0.1300084 -0.0015070637)
(0.024263964 0.1255461 -0.0010593875)
(0.022722409 0.13520528 -0.00099208182)
(0.040070521 0.12361381 -0.0017495167)
(0.0088607596 0.12372505 -0.00038686912)
(0.008675734 0.13594899 -0.00037879073)
(0.040966148 0.13600518 -0.0017886207)
(0.032100592 0.12287211 -0.0014015421)
(0.016679502 0.12265093 -0.00072824281)
(0.030449501 0.13702432 -0.0013294539)
(0.0066895343 0.12986129 -0.00029207137)
(0.015472208 0.13670729 -0.00067553118)
(0.027730718 0.13102588 -0.0012107493)
(0.043199991 0.1296153 -0.0018861523)
(0.02650469 0.12048058 -0.0011572198)
(0.020297181 0.12970841 -0.00088619404)
(0.043935993 0.1201691 -0.0019182869)
(0.021502869 0.12018867 -0.00093883551)
(0.0050269635 0.12003287 -0.00021948197)
(0.035797922 0.13887708 -0.001562971)
(0.012163281 0.11995243 -0.00053106033)
(0.036997145 0.12027496 -0.0016153302)
(0.02912567 0.12645638 -0.0012716542)
(0.025861635 0.13959633 -0.0011291433)
(0.0044514095 0.12567539 -0.00019435274)
(0.019879305 0.13980854 -0.00086794919)
(0.04497149 0.12504377 -0.0019634977)
(0.0052099422 0.13975612 -0.00022747099)
(0.012819618 0.12581036 -0.00055971662)
(0.03583524 0.12560357 -0.0015646004)
(0.044913336 0.14053925 -0.0019609586)
(0.012144966 0.13999377 -0.00053026068)
(0.0046730341 0.13404906 -0.00020402908)
(0.03862056 0.13167258 -0.0016862101)
(0.019654298 0.12555288 -0.00085812518)
(0.010687887 0.13211482 -0.0004666432)
(0.030297223 0.11898536 -0.0013228053)
(0.034553037 0.13469025 -0.0015086182)
(0.045649874 0.13370742 -0.0019931165)
(0.0086505251 0.11875448 -0.00037769008)
(0.040070521 0.11863582 -0.0017495167)
(0.016614606 0.11864686 -0.00072540938)
(0.01727844 0.13295901 -0.00075439298)
(0.040166279 0.14050753 -0.0017536976)
(0.0094789765 0.1266737 -0.00041386105)
(0.039366923 0.12762427 -0.001718797)
(0.026837128 0.13511637 -0.0011717343)
(0.024427413 0.12932091 -0.0010665239)
(0.032169808 0.14084549 -0.0014045641)
(0.016132991 0.14103711 -0.0007043816)
(0.03135167 0.13264719 -0.0013688435)
(0.016296487 0.1263223 -0.00071152)
(0.033314632 0.11824078 -0.0014545482)
(0.029044062 0.12258678 -0.0012680911)
(0.023931101 0.11819546 -0.0010448545)
(0.0034141424 0.12884578 -0.00014906467)
(0.012367548 0.13535885 -0.00053997881)
(0.023657918 0.122135 -0.001032927)
(0.0030877719 0.12273359 -0.00013481503)
(0.032611761 0.1266412 -0.0014238602)
(0.0086062886 0.14136789 -0.00037575867)
(0.0028759136 0.11789251 -0.0001255651)
(0.046390287 0.11803317 -0.0020254437)
(0.01925217 0.13578191 -0.0008405679)
(0.046442302 0.12812941 -0.0020277147)
(0.030644433 0.12936647 -0.0013379648)
(0.0032199968 0.13710557 -0.0001405881)
(0.02869376 0.14163872 -0.0012527966)
(0.0075218487 0.13289734 -0.00032841101)
(0.01941516 0.11789843 -0.00084768419)
(0.041974659 0.13277227 -0.0018326532)
(0.046710167 0.12203688 -0.00203941)
(0.037586535 0.13619335 -0.0016410635)
(0.027604112 0.11788502 -0.0012052216)
(0.024931002 0.1326882 -0.001088511)
(0.035235458 0.1226769 -0.0015384133)
(0.022928717 0.14159578 -0.0010010894)
(0.014322584 0.13301792 -0.00062533752)
(0.011622407 0.12277429 -0.00050744523)
(0.019524587 0.12250479 -0.00085246186)
(0.0061560314 0.1228081 -0.00026877814)
(0.013976547 0.1177343 -0.00061022922)
(0.047327399 -0.10309444 -0.0020663589)
(0.02058089 0.13294453 -0.00089858106)
(0.046771685 0.13725407 -0.0020420959)
(0.022480375 0.12732841 -0.00098151439)
(0.0028982545 0.13158883 -0.00012654053)
(0.041649625 0.12631375 -0.0018184619)
(0.017915129 0.12922285 -0.00078219142)
(0.0060261956 0.11764618 -0.00026310938)
(0.026497497 0.12762578 -0.0011569057)
(0.0106152 0.11765331 -0.00046346963)
(0.022886519 0.13836064 -0.00099924701)
(0.011752003 0.12931794 -0.00051310354)
(0.042662786 0.11772789 -0.0018626974)
(0.036370142 0.11748521 -0.0015879547)
(0.047303869 0.13152846 -0.0020653315)
(0.041267232 0.12203651 -0.0018017663)
(0.036738929 0.12854432 -0.0016040563)
(0.0075533953 0.12613117 -0.00032978836)
(0.033450502 0.1373206 -0.0014604805)
(0.026049094 0.12393732 -0.001137328)
(0.037843528 0.14162332 -0.0016522841)
(0.0028839052 0.14181061 -0.00012591402)
(0.014745616 0.12048143 -0.00064380749)
(0.046891719 0.14193639 -0.0020473367)
(0.04741873 0.11391914 -0.0020703465)
(0.035986845 0.13222318 -0.0015712196)
(0.0029049994 0.12033084 -0.00012683501)
(0.0069920401 0.13690145 -0.00030527907)
(0.047701945 0.075596672 -0.0020827119)
(0.047701945 0.055596672 -0.0020827119)
(0.047701945 0.015596672 -0.0020827119)
(0.047701945 0.025596672 -0.0020827119)
(0.047701945 0.035596672 -0.0020827119)
(0.047701945 0.045596672 -0.0020827119)
(0.047701945 0.085596672 -0.0020827119)
(0.047701945 0.065596672 -0.0020827119)
(0.047701945 0.0055966717 -0.0020827119)
(0.047701945 -0.065596672 -0.0020827119)
(0.047701945 0.095596672 -0.0020827119)
(0.047561286 0.10610479 -0.0020765706)
(0.047701945 -0.045596672 -0.0020827119)
(0.047701945 -0.025596672 -0.0020827119)
(0.047701945 -0.035596672 -0.0020827119)
(0.047701945 -0.094403328 -0.0020827119)
(0.047701945 -0.055596672 -0.0020827119)
(0.047701945 -0.015596672 -0.0020827119)
(0.047561286 -0.076104787 -0.0020765706)
(0.047561286 -0.083895213 -0.0020765706)
(0.047701945 -0.0044033283 -0.0020827119)
(0.0092358578 0.12080585 -0.00040324626)
(0.037315144 0.12197838 -0.0016292144)
(0.014243395 0.12352081 -0.00062188004)
(0.018691849 0.11998612 -0.00081610377)
(0.047239556 -0.062114058 -0.0020625235)
(0.047239556 -0.032114058 -0.0020625235)
(0.047239556 -0.022114058 -0.0020625235)
(0.047239556 -0.052114058 -0.0020625235)
(0.047283847 -0.097911408 -0.0020644574)
(0.047239556 -0.042114058 -0.0020625235)
(0.047239556 -0.072114058 -0.0020625235)
(0.047239556 -0.087885942 -0.0020625235)
(0.047545934 -0.011704044 -0.0020759003)
(0.047202151 -0.0078760501 -0.0020608904)
(0.047239556 0.092114058 -0.0020625235)
(0.047239556 0.0021140578 -0.0020625235)
(0.047239556 0.082114058 -0.0020625235)
(0.047239556 0.012114058 -0.0020625235)
(0.047239556 0.10211406 -0.0020625235)
(0.047239556 0.062114058 -0.0020625235)
(0.047239556 0.042114058 -0.0020625235)
(0.047239556 0.072114058 -0.0020625235)
(0.047239556 0.032114058 -0.0020625235)
(0.047239556 0.022114058 -0.0020625235)
(0.047239556 0.052114058 -0.0020625235)
(0.042665229 0.14189772 -0.0018628041)
(0.047203463 -0.08 -0.0020609477)
(0.047203463 0.11 -0.0020609477)
(0.042982215 0.136893 -0.001876644)
(0.018741474 0.14235264 -0.00081827042)
(0.021722772 0.1173611 -0.00094843671)
(0.0075074472 0.13895578 -0.00032778222)
(0.027780104 0.13773922 -0.0012129055)
(0.042669311 0.12302812 -0.0018629823)
(0.0022161093 0.12599865 -9.675742e-05)
(0.022696887 0.12390358 -0.00099096749)
(0.0090479426 0.12976607 -0.00039504171)
(0.0476915 0.018983707 -0.0020822558)
(0.0476915 0.078983707 -0.0020822558)
(0.0476915 0.058983707 -0.0020822558)
(0.0476915 0.038983707 -0.0020822558)
(0.0476915 0.028983707 -0.0020822558)
(0.0476915 0.068983707 -0.0020822558)
(0.0476915 0.048983707 -0.0020822558)
(0.0476915 0.0089837074 -0.0020822558)
(0.0476915 0.088983707 -0.0020822558)
(0.0476915 -0.0010162926 -0.0020822558)
(0.0476915 0.098983707 -0.0020822558)
(0.0476915 -0.048983707 -0.0020822558)
(0.0476915 -0.018983707 -0.0020822558)
(0.0476915 -0.028983707 -0.0020822558)
(0.0476915 -0.058983707 -0.0020822558)
(0.0476915 -0.068983707 -0.0020822558)
(0.0476915 -0.091016293 -0.0020822558)
(0.0476915 -0.038983707 -0.0020822558)
(0.029438189 0.13450699 -0.0012852991)
(0.031191855 0.12493846 -0.0013618658)
(0.013645413 0.14240563 -0.0005957716)
(0.0070980793 0.12072377 -0.00030990883)
(0.034691996 0.14216478 -0.0015146852)
(0.03385723 0.12071194 -0.0014782386)
(0.010747992 0.12481025 -0.00046926746)
(0.0064001664 0.14274311 -0.0002794373)
(0.022596889 0.1312554 -0.00098660147)
(0.017318173 0.1386145 -0.00075612777)
(0.033614632 0.12486221 -0.0014676465)
(0.026060404 0.14214719 -0.0011378218)
(0.038310584 0.12537153 -0.0016726762)
(0.028637818 0.12059526 -0.0012503541)
(0.011010969 0.13798595 -0.00048074928)
(0.031567873 0.11754681 -0.0013782831)
(0.0022980751 0.13483526 -0.00010033613)
(0.040602048 0.12988546 -0.0017727237)
(0.038132387 0.11681001 -0.001664896)
(0.018099697 0.12417247 -0.00079024983)
(0.014589344 0.1389465 -0.0006369845)
(0.0055559787 0.12760755 -0.00024257927)
(0.047242356 0.12536626 -0.0020626458)
(0.04692876 -0.10049495 -0.0020489539)
(0.025104204 0.13736941 -0.0010960732)
(0.032029632 0.13502279 -0.0013984439)
(0.0024877768 0.13948253 -0.00010861868)
(0.019446347 0.127505 -0.00084904585)
(0.01428184 0.12732137 -0.00062355861)
(0.03928452 0.13351177 -0.0017151992)
(0.010772397 0.14237645 -0.000470333)
(0.0053567635 0.13186617 -0.00023388134)
(0.039231093 0.13773672 -0.0017128665)
(0.025977893 0.11687162 -0.0011342193)
(0.043998167 0.12729649 -0.0019210014)
(0.03000982 0.13959461 -0.0013102571)
(0.027425444 0.12546105 -0.0011974207)
(0.029561454 0.1171191 -0.001290681)
(0.047215349 0.13954585 -0.0020614667)
(0.038686979 0.12027856 -0.00168911)
(0.010227041 0.13436955 -0.00044652226)
(0.030746837 0.12122013 -0.0013424359)
(0.033662586 0.1322558 -0.0014697402)
(0.023247229 0.12028128 -0.0010149959)
(0.028672659 0.12890829 -0.0012518753)
(0.0091438615 0.1164994 -0.00039922962)
(0.042835065 0.13926735 -0.0018702193)
(0.021595097 0.12197216 -0.0009428623)
(0.048193607 0.1336858 -0.0021041783)
(0.044594434 0.13155502 -0.001947035)
(0.015788073 0.12419191 -0.00068932216)
(0.011814608 0.12732888 -0.00051583694)
(0.044184911 0.11668705 -0.0019291549)
(0.046763012 -0.013864388 -0.0020417172)
(0.046701205 -0.096112947 -0.0020390187)
(0.046724102 -0.073996821 -0.0020400183)
(0.046692347 -0.023892146 -0.0020386319)
(0.046692347 -0.063892146 -0.0020386319)
(0.046692347 -0.033892146 -0.0020386319)
(0.046724102 -0.086003179 -0.0020400183)
(0.046692347 -0.053892146 -0.0020386319)
(0.046692347 -0.043892146 -0.0020386319)
(0.046606375 -0.009792489 -0.0020348783)
(0.046684866 -0.0061058757 -0.0020383053)
(0.046692347 0.0038921459 -0.0020386319)
(0.046692347 0.013892146 -0.0020386319)
(0.046692347 0.033892146 -0.0020386319)
(0.046692347 0.053892146 -0.0020386319)
(0.046724102 0.10399682 -0.0020400183)
(0.046692347 0.093892146 -0.0020386319)
(0.046692347 0.073892146 -0.0020386319)
(0.046692347 0.083892146 -0.0020386319)
(0.046692347 0.063892146 -0.0020386319)
(0.046692347 0.023892146 -0.0020386319)
(0.046692347 0.043892146 -0.0020386319)
(0.046606969 0.11186617 -0.0020349042)
(0.04663548 0.10813862 -0.002036149)
(0.04663548 -0.081861383 -0.002036149)
(0.04663548 -0.078138617 -0.002036149)
(0.017668833 0.11697528 -0.00077143789)
(0.047612132 0.12004865 -0.0020787906)
(0.015918592 0.13435207 -0.00069502075)
(0.01280993 0.13098154 -0.00055929364)
(0.0043673687 0.1167145 -0.00019068343)
(0.04802254 0.11620427 -0.0020967094)
(0.021245138 0.13728361 -0.00092758276)
(0.015741893 0.11692655 -0.00068730591)
(0.034744942 0.12731534 -0.0015169969)
(0.030769912 0.14274727 -0.0013434434)
(0.0016751527 0.12392724 -7.3138745e-05)
(0.032081256 0.11964277 -0.0014006979)
(0.043139013 0.13475414 -0.00188349)
(0.016338186 0.13094948 -0.0007133406)
(0.018904169 0.13158163 -0.00082537382)
(0.038386622 0.12961583 -0.0016759961)
(0.044545829 0.12245619 -0.0019449129)
(0.021227852 0.14265605 -0.00092682803)
(0.040434043 0.1166195 -0.0017653884)
(0.040794977 0.14317279 -0.0017811472)
(0.0098085424 0.13954791 -0.00042825021)
(0.034416174 0.11665125 -0.0015026426)
(0.0081083088 0.12812201 -0.00035401641)
(0.0016664051 0.12984105 -7.2756818e-05)
(0.026350139 0.12968747 -0.0011504719)
(0.032063975 0.13064373 -0.0013999434)
(0.026914408 0.13306582 -0.0011751084)
(0.010587293 0.11940083 -0.00046225121)
(0.035464505 0.13666568 -0.0015484137)
(0.037184809 0.13432311 -0.0016235238)
(0.0017973082 0.12796122 -7.847217e-05)
(0.012517718 0.11659398 -0.00054653538)
(0.016653199 0.12039932 -0.00072709437)
(0.024692656 0.13477556 -0.0010781046)
(0.041763351 0.12814705 -0.0018234273)
(0.012954172 0.13719325 -0.00056559135)
(0.0015437628 0.12209885 -6.740214e-05)
(0.036719796 0.123925 -0.0016032209)
(0.0072328985 0.13452221 -0.00031579517)
(0.037910552 0.13969692 -0.0016552104)
(0.024201506 0.12751911 -0.0010566606)
(0.029320539 0.13248343 -0.0012801624)
(0.01239048 0.13343692 -0.00054098004)
(0.044859073 0.14279417 -0.0019585894)
(0.022438308 0.12941104 -0.00097967767)
(0.034007809 0.13983379 -0.001484813)
(0.016224969 0.14319999 -0.00070839743)
(0.048093132 0.12343848 -0.0020997915)
(0.004593485 0.12377332 -0.00020055589)
(0.030825682 0.12752191 -0.0013458784)
(0.041971499 0.11958189 -0.0018325152)
(0.025895342 0.11882767 -0.0011306151)
(0.0016823575 0.11668014 -7.3453314e-05)
(0.027206975 0.12223678 -0.0011878822)
(0.036850078 0.13041286 -0.0016089091)
(0.013215718 0.12161811 -0.0005770107)
(0.022696456 0.13301675 -0.00099094865)
(0.046639313 0.0003383715 -0.0020363164)
(0.046639313 -0.040338371 -0.0020363164)
(0.046639313 -0.060338372 -0.0020363164)
(0.046639313 0.010338372 -0.0020363164)
(0.046639313 0.070338371 -0.0020363164)
(0.046639313 -0.050338371 -0.0020363164)
(0.046639313 -0.020338372 -0.0020363164)
(0.046639313 -0.070338371 -0.0020363164)
(0.046639313 -0.030338371 -0.0020363164)
(0.046639313 -0.089661629 -0.0020363164)
(0.046639313 0.10033837 -0.0020363164)
(0.046639313 0.020338372 -0.0020363164)
(0.046639313 0.050338371 -0.0020363164)
(0.046639313 0.040338371 -0.0020363164)
(0.046639313 0.080338372 -0.0020363164)
(0.046639313 0.090338372 -0.0020363164)
(0.046639313 0.030338371 -0.0020363164)
(0.046639313 0.060338372 -0.0020363164)
(0.032607946 0.12865079 -0.0014236937)
(0.02778252 0.13988969 -0.001213011)
(0.01611316 0.1284533 -0.00070351575)
(0.030528433 0.12322256 -0.0013329002)
(0.023156685 0.11651212 -0.0010110427)
(0.018254383 0.12624297 -0.00079700358)
(0.037585171 0.11872846 -0.001641004)
(0.0048112218 0.12173375 -0.00021006248)
(0.0048539645 0.12999297 -0.00021192867)
(0.03541578 0.11902399 -0.0015462863)
(0.025461322 0.12214395 -0.0011116653)
(0.039438191 0.12193267 -0.0017219086)
(0.031933957 0.13883597 -0.0013942667)
(0.029152083 0.12443436 -0.0012728074)
(0.046229392 0.11623714 -0.0020184189)
(0.0036145618 0.12708518 -0.00015781518)
(0.020303281 0.11648658 -0.00088646037)
(0.0074230449 0.12415324 -0.00032409714)
(0.014196396 0.13530409 -0.00061982805)
(0.045295272 0.1296618 -0.0019776343)
(0.040087802 0.12539253 -0.0017502712)
(0.0044192638 0.11849163 -0.00019294923)
(0.047912312 0.12923902 -0.0020918967)
(0.022377506 0.11890087 -0.00097702302)
(0.0082354918 0.13128263 -0.00035956934)
(0.03282555 0.14298932 -0.0014331944)
(0.019021095 0.13392916 -0.00083047896)
(0.0016282104 0.118941 -7.1089202e-05)
(0.0087184439 0.14337074 -0.00038065548)
(0.04579139 0.11966799 -0.0019992953)
(0.02087435 0.13481262 -0.00091139379)
(0.024174458 0.14316412 -0.0010554796)
(0.017598686 0.13570082 -0.00076837522)
(0.0032011444 0.12452635 -0.00013976498)
(0.0069617124 0.11893366 -0.00030395493)
(0.036615181 0.14303427 -0.0015986533)
(0.020518896 0.1239926 -0.00089587435)
(0.0015128331 0.13695004 -6.6051718e-05)
(0.024425837 0.12353319 -0.0010664551)
(0.012245739 0.11843497 -0.00053466051)
(0.0048344776 0.13801873 -0.00021107785)
(0.0089269908 0.12515354 -0.00038976084)
(0.00668444 0.14069278 -0.00029184895)
(0.04226642 0.11620689 -0.0018453918)
(0.018017986 0.1404532 -0.00078668225)
(0.0079081774 0.12237168 -0.00034527848)
(0.026027814 0.1315093 -0.0011363989)
(0.03718888 0.12672701 -0.0016237016)
(0.0387219 0.1434587 -0.0016906347)
(0.047961035 0.13574152 -0.002094024)
(0.0016611429 0.13296615 -7.2527067e-05)
(0.0072954725 0.11659653 -0.00031852721)
(0.028160608 0.11635686 -0.0012295187)
(0.015094237 0.11894151 -0.00065902861)
(0.021984788 0.13995817 -0.00095987657)
(0.024018441 0.13990032 -0.0010486678)
(0.04826101 0.10834868 -0.0021071212)
(0.04826101 -0.078348681 -0.0021071212)
(0.04826101 -0.081651319 -0.0021071212)
(0.048226797 0.11165706 -0.0021056274)
(0.028570327 0.13607585 -0.0012474074)
(0.028697256 0.11898349 -0.0012529492)
(0.046312595 0.12366832 -0.0020220516)
(0.020629887 0.11877482 -0.00090072034)
(0.011150662 0.12119046 -0.00048684841)
(0.018089052 0.12177317 -0.00078978508)
(0.048785314 -0.10342516 -0.0021300128)
(0.004875087 0.13590538 -0.0002128509)
(0.045278954 0.13606083 -0.0019769218)
(0.03557108 0.12100282 -0.0015530669)
(0.02983143 0.1308224 -0.0013024684)
(0.040605191 0.13218521 -0.0017728609)
(0.037351582 0.13796358 -0.0016308053)
(0.048367301 0.11840722 -0.002111762)
(0.018976979 0.13751664 -0.00082855278)
(0.048392923 0.013800411 -0.0021128806)
(0.048392923 0.073800411 -0.0021128806)
(0.048392923 0.023800411 -0.0021128806)
(0.048392923 0.083800411 -0.0021128806)
(0.048392923 0.043800411 -0.0021128806)
(0.048392923 -0.063800411 -0.0021128806)
(0.048392923 0.0038004108 -0.0021128806)
(0.048392923 0.063800411 -0.0021128806)
(0.048392923 -0.043800411 -0.0021128806)
(0.048392923 -0.053800411 -0.0021128806)
(0.048392923 0.053800411 -0.0021128806)
(0.048392923 -0.023800411 -0.0021128806)
(0.048392923 -0.033800411 -0.0021128806)
(0.048392923 0.033800411 -0.0021128806)
(0.048400515 -0.096203955 -0.0021132121)
(0.048392923 0.093800411 -0.0021128806)
(0.048489298 -0.073820384 -0.0021170885)
(0.04838651 -0.0061978935 -0.0021126007)
(0.048489298 -0.086179616 -0.0021170885)
(0.048524716 -0.013743812 -0.0021186349)
(0.048489298 0.10382038 -0.0021170885)
(0.028656939 0.1434327 -0.001251189)
(0.0018028098 0.14323107 -7.8712376e-05)
(0.0040109043 0.14322119 -0.00017511986)
(0.021496811 0.12591161 -0.00093857102)
(0.013236855 0.12873964 -0.00057793359)
(0.020005557 0.12086662 -0.00087346148)
(0.0029579237 0.11625743 -0.00012914574)
(0.048015753 0.12718958 -0.0020964131)
(0.048472484 0.14317633 -0.0021163543)
(0.045620233 0.12654566 -0.0019918224)
(0.014052592 0.14059585 -0.00061354943)
(0.010750628 0.11612434 -0.00046938254)
(0.017971393 0.11876339 -0.00078464795)
(0.042947622 0.12147216 -0.0018751337)
(0.046628237 0.077269196 -0.0020358328)
(0.046628237 0.017269196 -0.0020358328)
(0.046628237 0.057269196 -0.0020358328)
(0.046628237 0.037269196 -0.0020358328)
(0.046628237 0.027269196 -0.0020358328)
(0.046628237 0.047269196 -0.0020358328)
(0.046628237 0.087269196 -0.0020358328)
(0.046628237 0.067269196 -0.0020358328)
(0.046628237 0.0072691957 -0.0020358328)
(0.046628237 0.097269196 -0.0020358328)
(0.046628237 -0.067269196 -0.0020358328)
(0.046628237 -0.027269196 -0.0020358328)
(0.046628237 -0.047269196 -0.0020358328)
(0.046628237 -0.017269196 -0.0020358328)
(0.046628237 -0.037269196 -0.0020358328)
(0.046628237 -0.092730804 -0.0020358328)
(0.046628237 -0.057269196 -0.0020358328)
(0.046628237 -0.0027308043 -0.0020358328)
(0.014385395 0.11631332 -0.00062807993)
(0.014373646 0.12515809 -0.00062756694)
(0.024868535 0.12021753 -0.0010857837)
(0.040909223 0.13420531 -0.0017861353)
(0.010021674 0.12259914 -0.00043755574)
(0.044027048 0.11854797 -0.0019222624)
(0.0013052538 0.14146095 -5.6988611e-05)
(0.045788715 -0.10390079 -0.0019991785)
(0.048347352 0.12170956 -0.002110891)
(0.0089348801 0.13301529 -0.00039010529)
(0.048336557 0.020644367 -0.0021104197)
(0.048336557 0.070644367 -0.0021104197)
(0.048336557 0.040644367 -0.0021104197)
(0.048336557 0.060644367 -0.0021104197)
(0.048336557 0.080644367 -0.0021104197)
(0.048336557 0.030644367 -0.0021104197)
(0.048336557 0.010644367 -0.0021104197)
(0.048336557 0.050644367 -0.0021104197)
(0.048336557 0.090644367 -0.0021104197)
(0.048336557 0.00064436691 -0.0021104197)
(0.048336557 0.10064437 -0.0021104197)
(0.048336557 -0.060644367 -0.0021104197)
(0.048336557 -0.050644367 -0.0021104197)
(0.048336557 -0.040644367 -0.0021104197)
(0.048336557 -0.020644367 -0.0021104197)
(0.048336557 -0.030644367 -0.0021104197)
(0.048336557 -0.070644367 -0.0021104197)
(0.048336557 -0.089355633 -0.0021104197)
(0.012812464 0.12378177 -0.00055940425)
(0.042265275 0.1311671 -0.0018453418)
(0.048569721 -0.10146078 -0.0021205998)
(0.038468371 0.1237682 -0.0016795654)
(0.048547392 0.14134271 -0.0021196249)
(0.048251856 -0.0093745166 -0.0021067215)
(0.024212804 0.13107912 -0.0010571539)
(0.043609926 0.13293806 -0.0019040505)
(0.0060815204 0.13325697 -0.00026552492)
(0.023495192 0.13674697 -0.0010258222)
(0.033714555 0.12274394 -0.0014720093)
(0.0032874028 0.13321944 -0.00014353111)
(0.036144498 0.14087169 -0.0015781029)
(0.010770275 0.13613848 -0.00047024035)
(0.044999434 0.13826006 -0.0019647177)
(0.017592389 0.12757711 -0.0007681003)
(0.013573523 0.11952712 -0.00059263281)
(0.041482705 0.12422139 -0.001811174)
(0.04123616 0.13808196 -0.0018004096)
(0.035070306 0.12409138 -0.0015312026)
(0.014752197 0.13126528 -0.00064409483)
(0.0091277099 0.13779188 -0.00039852442)
(0.027688104 0.12383397 -0.0012088887)
(0.0046244402 0.14150333 -0.00020190742)
(0.02582178 0.1261199 -0.0011274032)
(0.024493536 0.11624716 -0.0010694109)
(0.018899974 0.116266 -0.00082519067)
(0.039193722 0.13532924 -0.0017112348)
(0.0060356816 0.12507124 -0.00026352355)
(0.020960645 0.13137326 -0.00091516151)
(0.027467844 0.1193544 -0.001199272)
(0.015766042 0.13250642 -0.00068836027)
(0.048208379 0.13782643 -0.0021048233)
(0.010534725 0.13039459 -0.00045995605)
(0.032460299 0.12134575 -0.0014172473)
(0.040264455 0.12039293 -0.0017579841)
(0.032809035 0.11635449 -0.0014324734)
(0.010122761 0.12860053 -0.00044196928)
(0.046055779 -0.102 -0.0020108387)
(0.021124242 0.12806871 -0.00092230434)
(0.048472028 -0.099250152 -0.0021163345)
(0.036192915 0.11607747 -0.0015802168)
(0.033155274 0.1338221 -0.0014475905)
(0.043219521 0.12472662 -0.001887005)
(0.015215692 0.12195885 -0.00066433148)
(0.014659947 0.12964931 0.0006400671)
(0.034517434 0.1300084 0.0015070637)
(0.024263964 0.1255461 0.0010593875)
(0.022722409 0.13520528 0.00099208182)
(0.040070521 0.12361381 0.0017495167)
(0.0088607596 0.12372505 0.00038686912)
(0.008675734 0.13594899 0.00037879073)
(0.040966148 0.13600518 0.0017886207)
(0.032100592 0.12287211 0.0014015421)
(0.016679502 0.12265093 0.00072824281)
(0.030449501 0.13702432 0.0013294539)
(0.0066895343 0.12986129 0.00029207137)
(0.015472208 0.13670729 0.00067553118)
(0.027730718 0.13102588 0.0012107493)
(0.043199991 0.1296153 0.0018861523)
(0.02650469 0.12048058 0.0011572198)
(0.020297181 0.12970841 0.00088619404)
(0.043935993 0.1201691 0.0019182869)
(0.021502869 0.12018867 0.00093883551)
(0.0050269635 0.12003287 0.00021948197)
(0.035797922 0.13887708 0.001562971)
(0.012163281 0.11995243 0.00053106033)
(0.036997145 0.12027496 0.0016153302)
(0.02912567 0.12645638 0.0012716542)
(0.025861635 0.13959633 0.0011291433)
(0.0044514095 0.12567539 0.00019435274)
(0.019879305 0.13980854 0.00086794919)
(0.04497149 0.12504377 0.0019634977)
(0.0052099422 0.13975612 0.00022747099)
(0.012819618 0.12581036 0.00055971662)
(0.03583524 0.12560357 0.0015646004)
(0.044913336 0.14053925 0.0019609586)
(0.012144966 0.13999377 0.00053026068)
(0.0046730341 0.13404906 0.00020402908)
(0.03862056 0.13167258 0.0016862101)
(0.019654298 0.12555288 0.00085812518)
(0.010687887 0.13211482 0.0004666432)
(0.030297223 0.11898536 0.0013228053)
(0.034553037 0.13469025 0.0015086182)
(0.045649874 0.13370742 0.0019931165)
(0.0086505251 0.11875448 0.00037769008)
(0.040070521 0.11863582 0.0017495167)
(0.016614606 0.11864686 0.00072540938)
(0.01727844 0.13295901 0.00075439298)
(0.040166279 0.14050753 0.0017536976)
(0.0094789765 0.1266737 0.00041386105)
(0.039366923 0.12762427 0.001718797)
(0.026837128 0.13511637 0.0011717343)
(0.024427413 0.12932091 0.0010665239)
(0.032169808 0.14084549 0.0014045641)
(0.016132991 0.14103711 0.0007043816)
(0.03135167 0.13264719 0.0013688435)
(0.016296487 0.1263223 0.00071152)
(0.033314632 0.11824078 0.0014545482)
(0.029044062 0.12258678 0.0012680911)
(0.023931101 0.11819546 0.0010448545)
(0.0034141424 0.12884578 0.00014906467)
(0.012367548 0.13535885 0.00053997881)
(0.023657918 0.122135 0.001032927)
(0.0030877719 0.12273359 0.00013481503)
(0.032611761 0.1266412 0.0014238602)
(0.0086062886 0.14136789 0.00037575867)
(0.0028759136 0.11789251 0.0001255651)
(0.046390287 0.11803317 0.0020254437)
(0.01925217 0.13578191 0.0008405679)
(0.046442302 0.12812941 0.0020277147)
(0.030644433 0.12936647 0.0013379648)
(0.0032199968 0.13710557 0.0001405881)
(0.02869376 0.14163872 0.0012527966)
(0.0075218487 0.13289734 0.00032841101)
(0.01941516 0.11789843 0.00084768419)
(0.041974659 0.13277227 0.0018326532)
(0.046710167 0.12203688 0.00203941)
(0.037586535 0.13619335 0.0016410635)
(0.027604112 0.11788502 0.0012052216)
(0.024931002 0.1326882 0.001088511)
(0.035235458 0.1226769 0.0015384133)
(0.022928717 0.14159578 0.0010010894)
(0.014322584 0.13301792 0.00062533752)
(0.011622407 0.12277429 0.00050744523)
(0.019524587 0.12250479 0.00085246186)
(0.0061560314 0.1228081 0.00026877814)
(0.013976547 0.1177343 0.00061022922)
(0.047327399 -0.10309444 0.0020663589)
(0.02058089 0.13294453 0.00089858106)
(0.046771685 0.13725407 0.0020420959)
(0.022480375 0.12732841 0.00098151439)
(0.0028982545 0.13158883 0.00012654053)
(0.041649625 0.12631375 0.0018184619)
(0.017915129 0.12922285 0.00078219142)
(0.0060261956 0.11764618 0.00026310938)
(0.026497497 0.12762578 0.0011569057)
(0.0106152 0.11765331 0.00046346963)
(0.022886519 0.13836064 0.00099924701)
(0.011752003 0.12931794 0.00051310354)
(0.042662786 0.11772789 0.0018626974)
(0.036370142 0.11748521 0.0015879547)
(0.047303869 0.13152846 0.0020653315)
(0.041267232 0.12203651 0.0018017663)
(0.036738929 0.12854432 0.0016040563)
(0.0075533953 0.12613117 0.00032978836)
(0.033450502 0.1373206 0.0014604805)
(0.026049094 0.12393732 0.001137328)
(0.037843528 0.14162332 0.0016522841)
(0.0028839052 0.14181061 0.00012591402)
(0.014745616 0.12048143 0.00064380749)
(0.046891719 0.14193639 0.0020473367)
(0.04741873 0.11391914 0.0020703465)
(0.035986845 0.13222318 0.0015712196)
(0.0029049994 0.12033084 0.00012683501)
(0.0069920401 0.13690145 0.00030527907)
(0.047701945 0.075596672 0.0020827119)
(0.047701945 0.055596672 0.0020827119)
(0.047701945 0.015596672 0.0020827119)
(0.047701945 0.025596672 0.0020827119)
(0.047701945 0.035596672 0.0020827119)
(0.047701945 0.045596672 0.0020827119)
(0.047701945 0.085596672 0.0020827119)
(0.047701945 0.065596672 0.0020827119)
(0.047701945 0.0055966717 0.0020827119)
(0.047701945 -0.065596672 0.0020827119)
(0.047701945 0.095596672 0.0020827119)
(0.047561286 0.10610479 0.0020765706)
(0.047701945 -0.045596672 0.0020827119)
(0.047701945 -0.025596672 0.0020827119)
(0.047701945 -0.035596672 0.0020827119)
(0.047701945 -0.094403328 0.0020827119)
(0.047701945 -0.055596672 0.0020827119)
(0.047701945 -0.015596672 0.0020827119)
(0.047561286 -0.076104787 0.0020765706)
(0.047561286 -0.083895213 0.0020765706)
(0.047701945 -0.0044033283 0.0020827119)
(0.0092358578 0.12080585 0.00040324626)
(0.037315144 0.12197838 0.0016292144)
(0.014243395 0.12352081 0.00062188004)
(0.018691849 0.11998612 0.00081610377)
(0.047239556 -0.062114058 0.0020625235)
(0.047239556 -0.032114058 0.0020625235)
(0.047239556 -0.022114058 0.0020625235)
(0.047239556 -0.052114058 0.0020625235)
(0.047283847 -0.097911408 0.0020644574)
(0.047239556 -0.042114058 0.0020625235)
(0.047239556 -0.072114058 0.0020625235)
(0.047239556 -0.087885942 0.0020625235)
(0.047545934 -0.011704044 0.0020759003)
(0.047202151 -0.0078760501 0.0020608904)
(0.047239556 0.092114058 0.0020625235)
(0.047239556 0.0021140578 0.0020625235)
(0.047239556 0.082114058 0.0020625235)
(0.047239556 0.012114058 0.0020625235)
(0.047239556 0.10211406 0.0020625235)
(0.047239556 0.062114058 0.0020625235)
(0.047239556 0.042114058 0.0020625235)
(0.047239556 0.072114058 0.0020625235)
(0.047239556 0.032114058 0.0020625235)
(0.047239556 0.022114058 0.0020625235)
(0.047239556 0.052114058 0.0020625235)
(0.042665229 0.14189772 0.0018628041)
(0.047203463 -0.08 0.0020609477)
(0.047203463 0.11 0.0020609477)
(0.042982215 0.136893 0.001876644)
(0.018741474 0.14235264 0.00081827042)
(0.021722772 0.1173611 0.00094843671)
(0.0075074472 0.13895578 0.00032778222)
(0.027780104 0.13773922 0.0012129055)
(0.042669311 0.12302812 0.0018629823)
(0.0022161093 0.12599865 9.675742e-05)
(0.022696887 0.12390358 0.00099096749)
(0.0090479426 0.12976607 0.00039504171)
(0.0476915 0.018983707 0.0020822558)
(0.0476915 0.078983707 0.0020822558)
(0.0476915 0.058983707 0.0020822558)
(0.0476915 0.038983707 0.0020822558)
(0.0476915 0.028983707 0.0020822558)
(0.0476915 0.068983707 0.0020822558)
(0.0476915 0.048983707 0.0020822558)
(0.0476915 0.0089837074 0.0020822558)
(0.0476915 0.088983707 0.0020822558)
(0.0476915 -0.0010162926 0.0020822558)
(0.0476915 0.098983707 0.0020822558)
(0.0476915 -0.048983707 0.0020822558)
(0.0476915 -0.018983707 0.0020822558)
(0.0476915 -0.028983707 0.0020822558)
(0.0476915 -0.058983707 0.0020822558)
(0.0476915 -0.068983707 0.0020822558)
(0.0476915 -0.091016293 0.0020822558)
(0.0476915 -0.038983707 0.0020822558)
(0.029438189 0.13450699 0.0012852991)
(0.031191855 0.12493846 0.0013618658)
(0.013645413 0.14240563 0.0005957716)
(0.0070980793 0.12072377 0.00030990883)
(0.034691996 0.14216478 0.0015146852)
(0.03385723 0.12071194 0.0014782386)
(0.010747992 0.12481025 0.00046926746)
(0.0064001664 0.14274311 0.0002794373)
(0.022596889 0.1312554 0.00098660147)
(0.017318173 0.1386145 0.00075612777)
(0.033614632 0.12486221 0.0014676465)
(0.026060404 0.14214719 0.0011378218)
(0.038310584 0.12537153 0.0016726762)
(0.028637818 0.12059526 0.0012503541)
(0.011010969 0.13798595 0.00048074928)
(0.031567873 0.11754681 0.0013782831)
(0.0022980751 0.13483526 0.00010033613)
(0.040602048 0.12988546 0.0017727237)
(0.038132387 0.11681001 0.001664896)
(0.018099697 0.12417247 0.00079024983)
(0.014589344 0.1389465 0.0006369845)
(0.0055559787 0.12760755 0.00024257927)
(0.047242356 0.12536626 0.0020626458)
(0.04692876 -0.10049495 0.0020489539)
(0.025104204 0.13736941 0.0010960732)
(0.032029632 0.13502279 0.0013984439)
(0.0024877768 0.13948253 0.00010861868)
(0.019446347 0.127505 0.00084904585)
(0.01428184 0.12732137 0.00062355861)
(0.03928452 0.13351177 0.0017151992)
(0.010772397 0.14237645 0.000470333)
(0.0053567635 0.13186617 0.00023388134)
(0.039231093 0.13773672 0.0017128665)
(0.025977893 0.11687162 0.0011342193)
(0.043998167 0.12729649 0.0019210014)
(0.03000982 0.13959461 0.0013102571)
(0.027425444 0.12546105 0.0011974207)
(0.029561454 0.1171191 0.001290681)
(0.047215349 0.13954585 0.0020614667)
(0.038686979 0.12027856 0.00168911)
(0.010227041 0.13436955 0.00044652226)
(0.030746837 0.12122013 0.0013424359)
(0.033662586 0.1322558 0.0014697402)
(0.023247229 0.12028128 0.0010149959)
(0.028672659 0.12890829 0.0012518753)
(0.0091438615 0.1164994 0.00039922962)
(0.042835065 0.13926735 0.0018702193)
(0.021595097 0.12197216 0.0009428623)
(0.048193607 0.1336858 0.0021041783)
(0.044594434 0.13155502 0.001947035)
(0.015788073 0.12419191 0.00068932216)
(0.011814608 0.12732888 0.00051583694)
(0.044184911 0.11668705 0.0019291549)
(0.046763012 -0.013864388 0.0020417172)
(0.046701205 -0.096112947 0.0020390187)
(0.046724102 -0.073996821 0.0020400183)
(0.046692347 -0.023892146 0.0020386319)
(0.046692347 -0.063892146 0.0020386319)
(0.046692347 -0.033892146 0.0020386319)
(0.046724102 -0.086003179 0.0020400183)
(0.046692347 -0.053892146 0.0020386319)
(0.046692347 -0.043892146 0.0020386319)
(0.046606375 -0.009792489 0.0020348783)
(0.046684866 -0.0061058757 0.0020383053)
(0.046692347 0.0038921459 0.0020386319)
(0.046692347 0.013892146 0.0020386319)
(0.046692347 0.033892146 0.0020386319)
(0.046692347 0.053892146 0.0020386319)
(0.046724102 0.10399682 0.0020400183)
(0.046692347 0.093892146 0.0020386319)
(0.046692347 0.073892146 0.0020386319)
(0.046692347 0.083892146 0.0020386319)
(0.046692347 0.063892146 0.0020386319)
(0.046692347 0.023892146 0.0020386319)
(0.046692347 0.043892146 0.0020386319)
(0.046606969 0.11186617 0.0020349042)
(0.04663548 0.10813862 0.002036149)
(0.04663548 -0.081861383 0.002036149)
(0.04663548 -0.078138617 0.002036149)
(0.017668833 0.11697528 0.00077143789)
(0.047612132 0.12004865 0.0020787906)
(0.015918592 0.13435207 0.00069502075)
(0.01280993 0.13098154 0.00055929364)
(0.0043673687 0.1167145 0.00019068343)
(0.04802254 0.11620427 0.0020967094)
(0.021245138 0.13728361 0.00092758276)
(0.015741893 0.11692655 0.00068730591)
(0.034744942 0.12731534 0.0015169969)
(0.030769912 0.14274727 0.0013434434)
(0.0016751527 0.12392724 7.3138745e-05)
(0.032081256 0.11964277 0.0014006979)
(0.043139013 0.13475414 0.00188349)
(0.016338186 0.13094948 0.0007133406)
(0.018904169 0.13158163 0.00082537382)
(0.038386622 0.12961583 0.0016759961)
(0.044545829 0.12245619 0.0019449129)
(0.021227852 0.14265605 0.00092682803)
(0.040434043 0.1166195 0.0017653884)
(0.040794977 0.14317279 0.0017811472)
(0.0098085424 0.13954791 0.00042825021)
(0.034416174 0.11665125 0.0015026426)
(0.0081083088 0.12812201 0.00035401641)
(0.0016664051 0.12984105 7.2756818e-05)
(0.026350139 0.12968747 0.0011504719)
(0.032063975 0.13064373 0.0013999434)
(0.026914408 0.13306582 0.0011751084)
(0.010587293 0.11940083 0.00046225121)
(0.035464505 0.13666568 0.0015484137)
(0.037184809 0.13432311 0.0016235238)
(0.0017973082 0.12796122 7.847217e-05)
(0.012517718 0.11659398 0.00054653538)
(0.016653199 0.12039932 0.00072709437)
(0.024692656 0.13477556 0.0010781046)
(0.041763351 0.12814705 0.0018234273)
(0.012954172 0.13719325 0.00056559135)
(0.0015437628 0.12209885 6.740214e-05)
(0.036719796 0.123925 0.0016032209)
(0.0072328985 0.13452221 0.00031579517)
(0.037910552 0.13969692 0.0016552104)
(0.024201506 0.12751911 0.0010566606)
(0.029320539 0.13248343 0.0012801624)
(0.01239048 0.13343692 0.00054098004)
(0.044859073 0.14279417 0.0019585894)
(0.022438308 0.12941104 0.00097967767)
(0.034007809 0.13983379 0.001484813)
(0.016224969 0.14319999 0.00070839743)
(0.048093132 0.12343848 0.0020997915)
(0.004593485 0.12377332 0.00020055589)
(0.030825682 0.12752191 0.0013458784)
(0.041971499 0.11958189 0.0018325152)
(0.025895342 0.11882767 0.0011306151)
(0.0016823575 0.11668014 7.3453314e-05)
(0.027206975 0.12223678 0.0011878822)
(0.036850078 0.13041286 0.0016089091)
(0.013215718 0.12161811 0.0005770107)
(0.022696456 0.13301675 0.00099094865)
(0.046639313 0.0003383715 0.0020363164)
(0.046639313 -0.040338371 0.0020363164)
(0.046639313 -0.060338372 0.0020363164)
(0.046639313 0.010338372 0.0020363164)
(0.046639313 0.070338371 0.0020363164)
(0.046639313 -0.050338371 0.0020363164)
(0.046639313 -0.020338372 0.0020363164)
(0.046639313 -0.070338371 0.0020363164)
(0.046639313 -0.030338371 0.0020363164)
(0.046639313 -0.089661629 0.0020363164)
(0.046639313 0.10033837 0.0020363164)
(0.046639313 0.020338372 0.0020363164)
(0.046639313 0.050338371 0.0020363164)
(0.046639313 0.040338371 0.0020363164)
(0.046639313 0.080338372 0.0020363164)
(0.046639313 0.090338372 0.0020363164)
(0.046639313 0.030338371 0.0020363164)
(0.046639313 0.060338372 0.0020363164)
(0.032607946 0.12865079 0.0014236937)
(0.02778252 0.13988969 0.001213011)
(0.01611316 0.1284533 0.00070351575)
(0.030528433 0.12322256 0.0013329002)
(0.023156685 0.11651212 0.0010110427)
(0.018254383 0.12624297 0.00079700358)
(0.037585171 0.11872846 0.001641004)
(0.0048112218 0.12173375 0.00021006248)
(0.0048539645 0.12999297 0.00021192867)
(0.03541578 0.11902399 0.0015462863)
(0.025461322 0.12214395 0.0011116653)
(0.039438191 0.12193267 0.0017219086)
(0.031933957 0.13883597 0.0013942667)
(0.029152083 0.12443436 0.0012728074)
(0.046229392 0.11623714 0.0020184189)
(0.0036145618 0.12708518 0.00015781518)
(0.020303281 0.11648658 0.00088646037)
(0.0074230449 0.12415324 0.00032409714)
(0.014196396 0.13530409 0.00061982805)
(0.045295272 0.1296618 0.0019776343)
(0.040087802 0.12539253 0.0017502712)
(0.0044192638 0.11849163 0.00019294923)
(0.047912312 0.12923902 0.0020918967)
(0.022377506 0.11890087 0.00097702302)
(0.0082354918 0.13128263 0.00035956934)
(0.03282555 0.14298932 0.0014331944)
(0.019021095 0.13392916 0.00083047896)
(0.0016282104 0.118941 7.1089202e-05)
(0.0087184439 0.14337074 0.00038065548)
(0.04579139 0.11966799 0.0019992953)
(0.02087435 0.13481262 0.00091139379)
(0.024174458 0.14316412 0.0010554796)
(0.017598686 0.13570082 0.00076837522)
(0.0032011444 0.12452635 0.00013976498)
(0.0069617124 0.11893366 0.00030395493)
(0.036615181 0.14303427 0.0015986533)
(0.020518896 0.1239926 0.00089587435)
(0.0015128331 0.13695004 6.6051718e-05)
(0.024425837 0.12353319 0.0010664551)
(0.012245739 0.11843497 0.00053466051)
(0.0048344776 0.13801873 0.00021107785)
(0.0089269908 0.12515354 0.00038976084)
(0.00668444 0.14069278 0.00029184895)
(0.04226642 0.11620689 0.0018453918)
(0.018017986 0.1404532 0.00078668225)
(0.0079081774 0.12237168 0.00034527848)
(0.026027814 0.1315093 0.0011363989)
(0.03718888 0.12672701 0.0016237016)
(0.0387219 0.1434587 0.0016906347)
(0.047961035 0.13574152 0.002094024)
(0.0016611429 0.13296615 7.2527067e-05)
(0.0072954725 0.11659653 0.00031852721)
(0.028160608 0.11635686 0.0012295187)
(0.015094237 0.11894151 0.00065902861)
(0.021984788 0.13995817 0.00095987657)
(0.024018441 0.13990032 0.0010486678)
(0.04826101 0.10834868 0.0021071212)
(0.04826101 -0.078348681 0.0021071212)
(0.04826101 -0.081651319 0.0021071212)
(0.048226797 0.11165706 0.0021056274)
(0.028570327 0.13607585 0.0012474074)
(0.028697256 0.11898349 0.0012529492)
(0.046312595 0.12366832 0.0020220516)
(0.020629887 0.11877482 0.00090072034)
(0.011150662 0.12119046 0.00048684841)
(0.018089052 0.12177317 0.00078978508)
(0.048785314 -0.10342516 0.0021300128)
(0.004875087 0.13590538 0.0002128509)
(0.045278954 0.13606083 0.0019769218)
(0.03557108 0.12100282 0.0015530669)
(0.02983143 0.1308224 0.0013024684)
(0.040605191 0.13218521 0.0017728609)
(0.037351582 0.13796358 0.0016308053)
(0.048367301 0.11840722 0.002111762)
(0.018976979 0.13751664 0.00082855278)
(0.048392923 0.013800411 0.0021128806)
(0.048392923 0.073800411 0.0021128806)
(0.048392923 0.023800411 0.0021128806)
(0.048392923 0.083800411 0.0021128806)
(0.048392923 0.043800411 0.0021128806)
(0.048392923 -0.063800411 0.0021128806)
(0.048392923 0.0038004108 0.0021128806)
(0.048392923 0.063800411 0.0021128806)
(0.048392923 -0.043800411 0.0021128806)
(0.048392923 -0.053800411 0.0021128806)
(0.048392923 0.053800411 0.0021128806)
(0.048392923 -0.023800411 0.0021128806)
(0.048392923 -0.033800411 0.0021128806)
(0.048392923 0.033800411 0.0021128806)
(0.048400515 -0.096203955 0.0021132121)
(0.048392923 0.093800411 0.0021128806)
(0.048489298 -0.073820384 0.0021170885)
(0.04838651 -0.0061978935 0.0021126007)
(0.048489298 -0.086179616 0.0021170885)
(0.048524716 -0.013743812 0.0021186349)
(0.048489298 0.10382038 0.0021170885)
(0.028656939 0.1434327 0.001251189)
(0.0018028098 0.14323107 7.8712376e-05)
(0.0040109043 0.14322119 0.00017511986)
(0.021496811 0.12591161 0.00093857102)
(0.013236855 0.12873964 0.00057793359)
(0.020005557 0.12086662 0.00087346148)
(0.0029579237 0.11625743 0.00012914574)
(0.048015753 0.12718958 0.0020964131)
(0.048472484 0.14317633 0.0021163543)
(0.045620233 0.12654566 0.0019918224)
(0.014052592 0.14059585 0.00061354943)
(0.010750628 0.11612434 0.00046938254)
(0.017971393 0.11876339 0.00078464795)
(0.042947622 0.12147216 0.0018751337)
(0.046628237 0.077269196 0.0020358328)
(0.046628237 0.017269196 0.0020358328)
(0.046628237 0.057269196 0.0020358328)
(0.046628237 0.037269196 0.0020358328)
(0.046628237 0.027269196 0.0020358328)
(0.046628237 0.047269196 0.0020358328)
(0.046628237 0.087269196 0.0020358328)
(0.046628237 0.067269196 0.0020358328)
(0.046628237 0.0072691957 0.0020358328)
(0.046628237 0.097269196 0.0020358328)
(0.046628237 -0.067269196 0.0020358328)
(0.046628237 -0.027269196 0.0020358328)
(0.046628237 -0.047269196 0.0020358328)
(0.046628237 -0.017269196 0.0020358328)
(0.046628237 -0.037269196 0.0020358328)
(0.046628237 -0.092730804 0.0020358328)
(0.046628237 -0.057269196 0.0020358328)
(0.046628237 -0.0027308043 0.0020358328)
(0.014385395 0.11631332 0.00062807993)
(0.014373646 0.12515809 0.00062756694)
(0.024868535 0.12021753 0.0010857837)
(0.040909223 0.13420531 0.0017861353)
(0.010021674 0.12259914 0.00043755574)
(0.044027048 0.11854797 0.0019222624)
(0.0013052538 0.14146095 5.6988611e-05)
(0.045788715 -0.10390079 0.0019991785)
(0.048347352 0.12170956 0.002110891)
(0.0089348801 0.13301529 0.00039010529)
(0.048336557 0.020644367 0.0021104197)
(0.048336557 0.070644367 0.0021104197)
(0.048336557 0.040644367 0.0021104197)
(0.048336557 0.060644367 0.0021104197)
(0.048336557 0.080644367 0.0021104197)
(0.048336557 0.030644367 0.0021104197)
(0.048336557 0.010644367 0.0021104197)
(0.048336557 0.050644367 0.0021104197)
(0.048336557 0.090644367 0.0021104197)
(0.048336557 0.00064436691 0.0021104197)
(0.048336557 0.10064437 0.0021104197)
(0.048336557 -0.060644367 0.0021104197)
(0.048336557 -0.050644367 0.0021104197)
(0.048336557 -0.040644367 0.0021104197)
(0.048336557 -0.020644367 0.0021104197)
(0.048336557 -0.030644367 0.0021104197)
(0.048336557 -0.070644367 0.0021104197)
(0.048336557 -0.089355633 0.0021104197)
(0.012812464 0.12378177 0.00055940425)
(0.042265275 0.1311671 0.0018453418)
(0.048569721 -0.10146078 0.0021205998)
(0.038468371 0.1237682 0.0016795654)
(0.048547392 0.14134271 0.0021196249)
(0.048251856 -0.0093745166 0.0021067215)
(0.024212804 0.13107912 0.0010571539)
(0.043609926 0.13293806 0.0019040505)
(0.0060815204 0.13325697 0.00026552492)
(0.023495192 0.13674697 0.0010258222)
(0.033714555 0.12274394 0.0014720093)
(0.0032874028 0.13321944 0.00014353111)
(0.036144498 0.14087169 0.0015781029)
(0.010770275 0.13613848 0.00047024035)
(0.044999434 0.13826006 0.0019647177)
(0.017592389 0.12757711 0.0007681003)
(0.013573523 0.11952712 0.00059263281)
(0.041482705 0.12422139 0.001811174)
(0.04123616 0.13808196 0.0018004096)
(0.035070306 0.12409138 0.0015312026)
(0.014752197 0.13126528 0.00064409483)
(0.0091277099 0.13779188 0.00039852442)
(0.027688104 0.12383397 0.0012088887)
(0.0046244402 0.14150333 0.00020190742)
(0.02582178 0.1261199 0.0011274032)
(0.024493536 0.11624716 0.0010694109)
(0.018899974 0.116266 0.00082519067)
(0.039193722 0.13532924 0.0017112348)
(0.0060356816 0.12507124 0.00026352355)
(0.020960645 0.13137326 0.00091516151)
(0.027467844 0.1193544 0.001199272)
(0.015766042 0.13250642 0.00068836027)
(0.048208379 0.13782643 0.0021048233)
(0.010534725 0.13039459 0.00045995605)
(0.032460299 0.12134575 0.0014172473)
(0.040264455 0.12039293 0.0017579841)
(0.032809035 0.11635449 0.0014324734)
(0.010122761 0.12860053 0.00044196928)
(0.046055779 -0.102 0.0020108387)
(0.021124242 0.12806871 0.00092230434)
(0.048472028 -0.099250152 0.0021163345)
(0.036192915 0.11607747 0.0015802168)
(0.033155274 0.1338221 0.0014475905)
(0.043219521 0.12472662 0.001887005)
(0.015215692 0.12195885 0.00066433148)
)


// ************************************************************************* //
