/*--------------------------------*- C++ -*----------------------------------*\
| =========                 |                                                 |
| \\      /  F ield         | OpenFOAM: The Open Source CFD Toolbox           |
|  \\    /   O peration     | Version:  v1706                                 |
|   \\  /    A nd           | Web:      www.OpenFOAM.com                      |
|    \\/     M anipulation  |                                                 |
\*---------------------------------------------------------------------------*/
FoamFile
{
    version     2.0;
    format      ascii;
    class       labelList;
    note        "nPoints:9742  nCells:9695  nFaces:33880  nInternalFaces:14444";
    location    "constant/polyMesh";
    object      neighbour;
}
// * * * * * * * * * * * * * * * * * * * * * * * * * * * * * * * * * * * * * //


14444
(
9526
9539
9524
9536
9529
9535
9518
9526
9519
9548
9530
9533
9522
9549
9520
9547
9528
9538
9521
9542
9529
9531
9540
9550
9525
9546
9537
9551
9532
9544
9520
9521
9536
9546
9527
9530
9539
9542
9531
9534
9523
9543
9549
9550
9533
9535
9538
9547
9548
9551
9524
9544
9541
9545
30
9554
9556
9564
9558
9560
9555
9561
9563
9554
9559
9552
9562
9560
9562
9553
9563
9558
9565
9557
9565
9566
9567
9556
9561
9564
9567
69
9573
9574
9580
71
9576
9577
9612
9591
9593
9568
9609
9590
9601
81
9581
9583
9585
9580
9660
9595
9603
9596
9599
9572
9602
9584
9630
9594
9617
9569
9655
9570
9652
9577
9587
9586
9647
9613
9629
9606
9624
9578
9637
9592
9648
9585
9644
9575
9653
9589
9623
9571
9639
9625
9633
9602
9623
9665
9609
9604
9651
9622
9662
9594
9634
9610
9650
9621
9657
9600
9666
9593
9614
9638
9664
9620
9658
9630
9643
9654
9599
9616
9613
9658
9588
9659
9617
9637
9574
9619
9624
9657
9582
9601
9603
9627
9627
9631
9616
9632
9605
9629
9646
9661
9571
9633
9598
9667
9605
9656
9583
9649
9588
9661
9636
9664
9590
9668
9615
9643
9579
9668
9640
9645
9607
9639
9618
9636
9611
9669
9596
9669
9641
9670
9622
9642
9597
9608
9612
9650
9626
9628
9608
9651
9586
9606
9635
9645
9647
9652
9648
9662
9587
9591
9595
9634
9628
9655
9656
9660
9644
9654
9625
9667
9610
9649
9665
9666
9604
9663
9638
9659
9592
9646
9653
9670
9674
9689
9675
9690
9679
9686
9684
9685
9680
9682
9681
9683
9671
9693
9672
9679
9684
9693
9682
9687
9683
9688
9673
9685
9688
9691
9687
9692
9678
9694
9676
9689
9686
9694
9677
9690
9674
9680
9675
9681
152
668
753
385
1790
248
1202
1792
287
666
1371
208
221
620
209
222
619
210
223
618
211
224
625
160
212
225
213
226
214
227
623
215
228
622
216
229
617
165
217
230
218
231
264
983
1563
168
448
967
256
1480
411
450
1720
523
831
1756
174
496
1289
262
691
708
261
540
1468
202
517
255
1469
9524
293
1012
1137
483
568
664
274
294
1783
279
295
1784
280
296
1785
232
528
920
237
537
915
235
529
917
233
530
916
234
531
918
236
532
919
239
536
923
238
533
921
288
292
1789
191
775
1720
286
1313
276
333
1762
277
334
1761
275
335
1760
278
332
1763
282
336
1759
281
337
1758
284
331
1764
629
633
4594
289
563
1774
246
688
1133
630
833
266
384
715
242
632
1809
914
1670
9520
461
710
834
387
526
785
505
1509
506
1510
507
1511
509
1514
510
1516
511
1516
512
1517
513
1513
508
1512
514
1518
515
1518
361
543
994
300
1136
2359
728
1218
727
1216
724
1217
325
736
324
734
733
1220
732
1221
731
1222
721
1219
720
1226
719
1223
659
844
656
837
655
839
657
838
654
845
658
846
663
843
662
842
257
661
841
258
660
840
411
987
589
675
848
554
913
1732
574
830
1141
500
967
290
497
753
553
713
412
914
9521
339
643
327
410
896
290
387
990
503
847
1460
411
1313
1802
980
1768
566
1051
455
1571
456
1572
569
694
1054
272
326
1003
2735
9522
7390
9519
582
787
1006
1050
9546
644
851
1009
994
1563
271
1796
1797
283
766
1135
485
520
578
286
571
966
664
1175
298
910
551
1287
1776
421
418
419
420
417
422
424
423
426
425
416
692
711
749
835
714
1675
693
1308
835
966
490
329
450
1542
898
1561
9532
700
1301
701
1302
704
1303
518
583
900
567
776
449
538
1001
785
1635
338
388
514
340
389
515
341
390
508
342
391
1165
344
392
507
345
393
1164
346
394
1162
347
395
506
348
396
1163
343
398
505
349
397
1161
350
399
1166
353
403
1170
352
400
511
356
402
1169
355
401
512
354
404
510
358
405
1168
357
406
509
360
407
501
351
408
513
359
409
1167
495
900
1281
534
932
535
931
1120
1367
522
909
522
690
1378
586
1710
492
780
829
695
1244
696
1241
697
1238
698
1240
699
1239
702
1242
703
1243
363
850
548
1376
364
854
365
855
366
858
369
859
367
862
368
863
373
870
372
868
371
867
370
865
383
890
374
889
376
883
381
886
377
878
378
884
379
879
375
887
380
882
382
893
547
894
386
9527
543
710
773
590
783
593
809
594
812
604
810
596
814
606
813
595
818
605
819
607
817
597
815
608
816
598
820
601
825
599
826
600
823
602
827
609
822
610
821
611
824
612
828
613
811
773
1602
453
1191
573
1544
765
1153
1387
1153
1388
1147
1389
1147
1390
1146
1391
1146
1392
1145
1395
1145
1394
1143
1398
1144
1397
1144
1393
1143
1396
1150
1401
1151
1402
1151
1403
1149
1404
1150
1400
1152
1405
1149
1399
1152
1406
1148
1407
1148
1408
986
1729
614
1007
692
707
1312
781
1258
6081
772
776
2949
676
693
678
695
679
696
681
698
680
699
682
697
683
700
684
701
687
702
685
704
686
703
779
783
2175
789
810
2766
793
813
2761
790
816
1911
791
814
2067
792
815
2950
795
812
2072
796
818
2068
794
817
2181
797
819
2762
801
821
2909
802
824
2182
799
811
2936
803
822
2941
805
823
2186
807
825
2951
806
826
2935
804
827
2184
808
828
2937
798
809
2074
800
820
2187
688
1552
551
1757
1788
746
766
976
557
1037
2807
565
636
718
1264
9528
922
1592
924
1591
741
899
1269
485
653
665
850
852
2948
853
854
2907
628
694
855
856
2764
857
858
2066
859
866
2763
861
862
2760
863
864
2070
860
865
2071
867
873
2939
870
871
2953
868
869
2179
874
894
2847
875
882
2065
872
890
2183
877
878
2933
876
887
2180
879
881
2189
883
885
2185
880
884
2943
886
888
2942
889
891
2944
892
893
2188
967
1306
1334
914
1547
750
910
2912
848
743
765
1278
549
836
1560
563
591
1298
631
751
1314
524
939
715
962
1678
1121
580
603
639
984
1048
1142
1205
1691
705
997
771
1553
571
587
768
500
577
979
712
524
786
788
1001
1291
1267
640
756
1545
955
954
953
952
959
958
957
960
956
950
951
1023
1044
6946
1575
1619
745
9535
558
1258
1795
744
1744
1047
1055
2976
1798
561
1275
526
784
1177
1311
547
576
834
1577
1564
1638
1565
1639
1566
1640
1567
1641
1568
1642
1569
1643
1571
1645
1572
1644
1570
1646
1573
1647
895
1224
706
1118
1330
755
1747
651
751
1330
636
637
901
1544
585
1370
1559
645
1174
1668
750
1291
2271
1634
901
1650
909
1798
591
1115
1688
911
716
1459
1674
614
1314
1523
1789
578
1536
1540
582
584
1056
563
1676
1371
1754
644
847
1799
562
1115
1191
564
1119
1274
1790
993
1333
572
574
675
1213
1180
1594
1007
1766
576
1374
778
1043
1054
1315
1191
1681
1205
9530
768
752
1330
1507
1462
1580
1673
1793
982
1002
1558
774
1013
690
1409
1801
1300
669
1209
615
1172
1440
1791
1792
1812
1373
1681
632
777
897
642
653
1605
1692
1373
968
996
1260
1621
1695
1622
1696
1624
1698
1623
1697
1625
1699
1626
1700
1628
1703
1630
1702
1629
1704
1627
1701
1043
1748
1228
1610
1232
1609
1229
1608
1231
1606
1230
1607
1235
1614
1234
1613
1236
1612
1237
1615
1233
1611
907
1267
621
916
1431
915
1433
917
1432
918
1430
919
1429
920
1428
921
1434
922
1436
924
1435
1777
923
1437
718
767
1375
835
1119
1275
770
1498
968
1246
1003
1180
907
9539
1040
1046
1693
638
645
1524
1260
1272
5297
1603
668
748
691
1173
991
1262
1528
9531
646
747
1485
1012
1174
1062
1667
1078
1137
927
1048
997
1060
1482
985
995
1675
715
989
1377
774
991
1482
1562
9526
1278
1288
1885
1424
1161
1232
1162
1230
1163
1231
1164
1229
1165
1228
1166
1233
1168
1234
1169
1235
1170
1236
1167
1237
1268
1304
1793
1257
1795
1005
1140
1177
771
969
1048
980
983
989
1000
1335
1726
998
1364
1727
999
1339
1728
1282
1297
5300
1682
1308
1478
1286
1299
2718
1244
1477
1241
1476
1239
1474
1240
1475
1000
1238
998
1301
1302
1471
1303
1472
1243
1473
999
1242
962
961
988
1286
1506
1721
993
1672
1411
1482
908
1445
986
1787
1296
4604
1040
1245
1445
1211
1268
1581
1526
1684
987
1245
1458
1558
1526
1753
829
830
1042
1075
720
1036
1038
722
1029
915
1256
730
920
1247
725
1028
917
1250
727
918
1248
1027
729
1026
919
1251
916
1249
740
1030
739
1031
734
1034
1254
736
923
1253
1255
738
924
1035
1033
1807
922
1032
921
1252
1310
1535
832
992
1651
990
1176
1051
1276
1205
9533
748
1650
1598
1706
1384
1796
1367
908
1263
1562
902
896
1618
1679
1117
1791
1045
9534
1154
1184
1238
1156
1182
1239
1155
1183
1240
1157
1185
1241
1158
1187
1242
1159
1186
1243
1160
1188
1244
1211
1281
1498
1136
1472
1004
1014
1110
1378
1409
2962
1006
1672
1706
1057
1316
834
1363
1119
1309
1114
1752
1310
1374
1057
1318
1041
1651
964
1724
1004
1494
1582
1076
1381
1801
1634
1442
1683
847
1267
1410
2926
1063
1352
1064
1343
1064
1345
1065
1346
1066
1347
1065
1344
1067
1348
1066
1349
1067
1350
1063
1351
1068
1353
1068
1354
1070
1356
1069
1355
1072
1357
1071
1361
1072
1358
1069
1360
1070
1359
1071
1362
1079
1082
1084
1081
1090
1088
1089
1094
1093
1085
1087
1097
1103
1099
1101
1098
1107
1106
1102
1109
992
1294
1077
1140
1134
1802
906
926
1285
1380
928
940
930
943
929
942
931
946
932
947
933
945
935
948
936
941
934
944
937
949
1051
1075
1414
9538
1076
1460
1677
1080
1387
1080
1388
1079
1081
1083
1389
1083
1390
1082
1085
1086
1397
1091
1391
1088
1090
1091
1392
1087
1086
1393
1093
1089
1092
1394
1094
1092
1395
1095
1396
1095
1398
1096
1406
1096
1405
1105
1399
1104
1400
1101
1099
1100
1402
1100
1403
1103
1106
1102
1104
1401
1098
1107
1105
1404
1097
1084
1108
1407
1108
1408
1109
1112
1557
1655
1372
1041
1782
1008
1523
1043
1709
1443
1810
1292
1686
1301
1487
1734
1302
1489
1735
1303
1488
1736
1052
1649
9542
1595
1280
1114
1224
1269
1369
1463
2102
1060
1138
1308
1490
1739
950
1025
1528
1545
954
1015
953
1016
955
1017
959
958
957
1019
952
1018
960
1020
956
1021
951
1022
1380
1465
2053
1053
1553
1125
1662
1131
1660
1124
1659
1123
1661
1126
1658
1127
1664
1129
1666
1128
1665
1130
1663
1122
1657
1692
1695
1696
1697
1699
1698
1700
1703
1702
1704
1701
1227
1719
1552
1382
1479
4109
1522
3007
995
1002
1132
1373
1210
1528
9529
1423
1481
5089
1188
1319
1718
1185
1321
1714
1183
1322
1713
1184
1324
1711
1182
1323
1712
1277
1717
1186
1327
1716
1187
1328
1715
1002
1684
1537
1212
1483
1464
1549
9536
1209
1425
1535
1653
1384
1788
1047
1539
1563
1292
1379
1294
1178
1050
1558
1549
1771
1225
1784
1785
1783
1708
1289
1206
1293
1806
1799
1202
1307
1013
1116
1277
1553
1597
1176
1227
1441
1780
1078
1075
1412
1216
1566
1217
1567
1218
1565
1219
1568
1220
1570
1221
1569
1222
1564
1223
1573
1181
1536
1485
1520
1226
1575
1589
1712
1588
1711
1587
1713
1585
1714
1364
1586
1366
1590
1592
1716
1597
1717
1593
1715
1365
1591
1584
1718
1214
1746
1368
1583
1058
1598
1752
1121
1637
1271
1551
1058
1332
1470
6665
1259
1113
1752
9525
1180
1594
1597
1683
1751
1208
1599
1111
1425
2069
1207
1078
1685
1748
1363
1462
1554
1580
1121
2934
2952
2076
2947
2945
2083
2079
2078
2081
2085
1375
1440
1503
1444
1548
2765
1529
1806
2908
2073
2178
2173
2940
2775
2176
2938
2177
2172
2767
2174
2946
2075
2770
2788
2080
2675
2772
2768
2773
2086
2776
2777
2906
2082
2077
2771
2769
2084
2774
1294
1315
1171
1300
1505
2829
1444
1445
2852
1681
1138
1363
1305
1781
1444
1548
1438
1769
1228
1610
1229
1608
1230
1607
1231
1606
1232
1609
1236
1612
1235
1614
1234
1613
1237
1615
1233
1611
1534
1580
1673
1803
1313
1315
1376
1650
1497
1427
1550
1460
1755
1333
1603
1637
1485
1520
1508
1509
1510
1511
1512
1513
1514
1516
1517
1515
1518
1335
1448
1336
1449
1337
1447
1338
1450
1339
1454
1340
1452
1341
1455
1429
1430
1431
1432
1433
1428
1434
1435
1436
1437
1281
1443
1265
1427
1765
1424
1547
1794
1633
1312
1309
1581
1206
1412
1687
1540
6386
1760
1761
1762
1763
1758
1759
1764
1276
1737
1749
1483
1507
1319
1573
1584
1320
1564
1586
1321
1568
1585
1322
1567
1587
1323
1565
1589
1324
1566
1588
1325
1569
1590
1326
1572
1591
1327
1571
1592
1328
1570
1593
1812
1329
1575
1583
1213
1537
1778
1800
1493
1676
2806
1443
1284
1464
1691
1730
1546
1600
1921
1290
1459
1470
1588
1587
1589
1585
1593
1590
1586
1584
1709
1619
1732
1583
1652
1595
1260
7423
1638
1726
1336
1641
1335
1640
1337
1639
1338
1642
1643
1727
1339
1646
1340
1645
1644
1728
1341
1647
1596
1680
1486
1286
2594
1369
1559
2192
1557
1709
1317
1483
1576
1808
1425
1520
1287
1502
1653
1499
1653
1291
1461
1708
1382
4796
1385
1680
1380
1560
2554
1694
1719
1774
1480
1706
1497
1414
1670
1779
1372
1804
1413
1556
1423
1470
3988
1674
1693
1738
1804
1754
1501
1633
1438
1423
1525
1441
1381
1689
1382
1519
1551
1413
1524
1521
1648
1599
1676
1501
1652
1498
1620
1648
1576
1770
1480
1533
1755
1767
1690
1773
1506
1787
1333
1595
1318
1594
1730
9523
1605
1455
1446
1487
1450
1449
1447
1448
1451
1489
1453
1488
1452
1454
1466
1490
1332
9541
9545
1493
1526
1579
1415
1416
1417
1419
1421
1410
1522
1876
1345
1607
1346
1606
1623
1625
1349
1608
1350
1622
1624
1609
1352
1621
1610
1354
1611
1626
1360
1612
1359
1613
1358
1614
1630
1629
1628
1362
1627
1615
1487
1420
1488
1418
1489
1461
1422
1490
1370
1527
1502
1723
1554
1808
1537
1546
1457
1484
1557
1654
1596
1601
4601
1679
1596
6600
1426
1582
1705
1388
1390
1392
1397
1395
1398
1404
1401
1403
1406
1408
1504
1757
1438
1484
1779
6599
9547
1475
1711
1474
1713
1476
1712
1471
1716
1473
1715
1472
1717
1477
1714
1478
1718
1671
1738
1750
9537
1508
1509
1510
1508
1511
1512
1513
1515
1517
1514
1560
1604
2740
1781
1772
1515
1777
1530
1638
1639
1640
1641
1642
1531
1643
1645
1532
1644
1646
1647
1654
1656
2360
1604
2108
1549
1771
1693
1769
1500
1616
1722
1632
1616
1731
1543
1619
1617
1620
4095
1636
2114
1561
9544
1758
1759
1761
1762
1760
1763
1764
1631
1740
1631
1742
1811
1601
7389
1496
1533
1733
1654
1689
2911
1723
1750
1540
1617
5891
1579
1741
2464
1710
1786
1669
1673
2460
1675
1527
1582
1656
2364
1634
1635
1729
1548
1733
1737
1620
4809
1745
1767
1556
1741
1753
1705
1725
1743
1726
1734
1727
1735
1728
1736
1737
1554
1773
1773
1744
1707
1725
2322
1694
1775
1689
1707
2927
1690
1786
1732
1739
1691
1598
1552
1670
1677
1767
1749
1559
1636
2878
1668
1805
9518
1600
1725
2047
9540
1602
1669
1672
1685
1751
1753
1786
1775
1743
1795
1678
1810
1798
1649
2810
1793
1797
1800
1657
1658
1659
1661
1662
1660
1663
1664
1666
1665
3894
1674
1684
1652
2797
1791
1667
1671
1692
1782
1708
1811
1801
1695
1696
1697
1700
1698
1699
1701
1703
1702
1704
1810
1671
1803
1755
1803
1796
1771
1778
1780
1807
1799
1772
1790
1794
1797
1694
1775
1720
1722
1806
1766
1772
1765
9548
1731
1800
1754
1776
1787
9543
1738
1740
1783
1784
1785
1789
1742
1742
1756
1749
1757
1776
1756
1774
1770
9549
1751
1804
9551
1812
1778
1805
1811
9550
1807
1794
1805
1808
1809
1792
1809
1814
2368
3129
2032
3115
1833
2173
2250
1834
2174
2248
1836
2172
2247
1835
2176
2252
1837
2175
2251
1838
2177
2246
1839
2178
2249
1840
2179
2244
1842
2180
2245
1841
2181
2242
1843
2182
2240
1844
2183
2236
1845
2185
2235
1846
2184
2243
1847
2187
2239
1849
2188
2237
1848
2189
2238
1850
2186
2241
1958
2066
1960
2070
1962
2068
1963
2067
1961
2069
1959
2071
1964
2072
1965
2075
1956
2076
1957
2077
1954
2079
1949
2080
1948
2082
1953
2081
1951
2083
1950
2086
1952
2084
1955
2085
1852
2280
2709
2054
3051
1877
2298
3003
1948
2568
9132
1950
2576
6175
1949
2574
3494
1951
2580
6423
1952
2570
7362
1953
2569
5914
1954
2573
8928
1955
2571
6444
1956
2572
7420
1957
2585
9238
1958
2577
7132
1959
2583
7289
1960
2584
4050
1961
2582
4209
1962
2579
6346
1963
2581
7422
1964
2578
6196
1965
2575
5771
1917
1971
2336
1977
1988
2929
1882
1966
2332
1904
1987
2835
2098
2355
2144
2917
1921
1996
1998
2033
2143
9131
1900
1966
1999
1915
2035
2378
2558
2803
1897
2107
2670
1892
2011
2493
2015
2027
1912
2091
2839
2023
2089
2462
2159
2191
2452
1968
1991
2661
1916
1982
3087
1902
2326
2343
2396
2465
1974
2018
2331
2137
2140
8415
2134
2141
4307
2139
2142
6397
2063
2146
2007
2979
3129
1925
2282
2486
2117
2921
1913
1974
2452
2190
2495
1973
2301
2755
2659
2840
1911
2228
2788
1907
2802
2846
2738
2918
1923
2092
2723
2016
2742
2757
1929
1997
2855
2679
2794
9114
1973
2003
1970
2020
2277
2362
2590
2057
2660
2447
2834
2029
2115
2118
2024
2278
2494
2002
2087
2860
2047
1967
2351
2868
2145
3002
1969
1984
2164
2790
9095
2194
2306
3687
2195
2304
4524
2196
2303
5543
2197
7053
2198
2305
7454
2199
2307
6408
2201
2308
4502
2202
2309
6053
2200
2203
3290
2207
2310
8674
2204
2205
6186
2208
2312
9099
2206
2311
6722
2210
2314
9109
2209
2313
6454
2214
2316
7397
2213
2317
5906
2212
2315
6210
2211
2319
5951
2215
2318
5685
2216
2320
4822
1983
2369
2430
2119
2120
2121
2122
2123
2124
2125
2126
2127
2129
2128
2132
2131
2130
2133
2135
2136
2138
2005
2001
2916
2520
2901
1978
2966
2715
9552
2344
2831
1979
2902
8608
2733
2900
2230
2231
4264
2232
2233
8361
2089
2968
2443
2744
2666
2867
2058
2229
2436
2034
2047
2062
2013
2048
2365
2459
2565
2665
1993
2022
2824
1989
2298
2453
2043
3016
2817
9145
2034
2283
1995
2440
3120
2090
2100
2031
2463
2488
2275
2736
2014
2097
2809
2347
2454
2006
2034
2622
3839
2807
3111
2003
2755
2011
2377
2395
2017
2027
2280
2858
2332
2019
2056
2822
2276
2796
2420
2845
2286
2596
2010
2382
2719
2021
2339
2381
2335
2848
2104
2350
2372
2672
2026
2439
2300
2490
2393
2464
2549
2827
2732
2963
2159
2496
2450
3122
2052
2290
2280
2977
2284
2820
2619
3068
2652
2993
2046
2353
2379
2296
2738
2460
2105
2272
2428
2193
2329
2050
2341
9045
2423
2661
2823
3084
2455
2817
2042
2356
2064
2115
2485
2057
2554
2740
2063
2365
2676
2051
2169
2834
2048
2701
3081
2112
2376
2990
2102
2192
2225
2967
2049
2673
2840
2116
2444
2629
2048
2439
2336
2742
2168
2988
2344
2819
2357
2861
2291
2343
2095
2977
2107
2115
2152
2860
2923
2190
2110
2864
2219
2348
2384
2093
2737
2836
2111
2288
2923
2298
2322
2425
2110
2658
2147
2367
2411
2416
2415
2414
2412
2409
2410
2148
2417
2149
2413
2408
2405
2406
2150
2407
2404
2397
2403
2400
2401
2399
2402
2398
2923
2981
2218
2456
2784
2873
2625
2782
2346
2859
2663
2870
2157
2389
2103
2429
2436
2151
2431
2107
2163
2671
2791
2801
2811
3007
2101
2337
2457
2104
2433
2282
2589
2273
2363
2864
2754
2391
2915
2328
2557
2677
2217
2660
2153
2155
2380
2118
2450
2724
2323
2588
2151
2167
2849
2222
2627
2998
3037
2542
9555
2556
2509
2600
2512
2602
2513
2599
2517
2601
2508
2598
2519
2604
2516
2605
2518
2603
2510
2606
2503
2615
2515
2607
2499
2614
2501
2613
2507
2611
2504
2616
2500
2610
2498
2617
2506
2612
2514
2608
2511
2609
2502
2618
2293
2545
2294
2546
2295
2547
2292
2544
2664
2932
2737
3085
2672
2972
2292
2906
2295
2907
2294
2908
2293
2909
2170
2334
2830
2221
2708
2156
2224
3069
2801
2809
2275
2821
2325
2779
2162
2166
2275
2832
2170
2338
9556
2165
2378
2446
2391
2805
2837
2972
2165
2349
2716
2491
2736
2725
3130
2380
2708
2833
2901
2974
2285
2785
2869
2466
2469
2467
2470
2468
2471
2472
2473
2474
2475
2476
2480
2477
2478
2479
2481
2482
2483
3087
2299
2558
2654
2234
2706
2503
2886
2504
2882
2501
2881
2499
2880
2506
2883
2507
2885
2498
2879
2500
2884
2502
2887
2228
2505
2505
3053
2511
2888
2510
2889
2515
2891
2516
2893
2512
2892
2514
2890
2509
2898
2508
2894
2519
2896
2518
2895
2517
2899
2513
2897
2296
2962
2566
2843
3075
8658
2360
2435
2550
2223
2746
2289
2878
2337
2387
2374
2548
2226
2352
2284
2871
2279
2291
2354
3053
2493
2931
2546
3013
2547
3014
2544
3015
2545
3012
2734
2980
2253
2568
2254
2574
2256
2570
2255
2576
2257
2580
2258
2573
2259
2571
2260
2572
2261
2569
2262
2575
2267
2585
2263
2583
2265
2581
2264
2584
2266
2578
2268
2577
2270
2582
2269
2579
2643
3034
2637
3029
2647
3032
2646
3030
2645
3031
2642
3033
2641
3028
2639
3021
2644
3027
2638
3017
2633
3025
2634
3024
2635
3026
2636
3023
2640
3022
2631
3019
2630
3020
2632
3018
2926
3005
2297
2522
2279
2810
2283
2561
3070
2751
9557
2366
2724
2589
2593
2426
2297
2357
3047
2592
2420
2753
2561
2812
2629
2648
2435
2591
2982
2800
2981
2551
2590
2522
2724
2810
3015
3012
3013
3014
2918
3121
2374
3063
3056
3071
2994
8651
2359
2656
2778
2635
3105
2634
3106
2633
3103
2636
3101
2630
3102
2631
3107
2632
3108
2642
3100
2638
3099
2643
3096
2639
3093
2640
3104
2645
3098
2647
3097
2646
3094
2637
3092
2641
3091
2644
3095
2361
2699
2799
3003
2327
2955
2338
2381
2974
2344
2815
2354
2620
2966
2986
2782
2787
2334
2980
2333
2549
3088
2713
2930
2452
2721
3049
2786
2484
2701
3059
3042
9561
2800
2981
2388
2621
3086
2458
2462
2434
2450
2522
2554
2371
2960
2968
2543
2741
2363
2559
2717
2750
2843
2924
2439
2738
3073
3083
2674
2820
2372
2430
2565
2826
2926
2426
2716
2442
2369
2705
3009
2650
2653
2804
2813
2461
3051
2390
2653
2954
2557
2392
3125
2455
2675
2567
2979
2379
2394
2487
2758
2866
2998
2425
2380
2462
2492
3038
2383
2490
3110
2427
2827
2652
3001
3035
2743
2624
2985
2999
2441
3042
2419
2739
2623
2970
3078
2432
2567
3037
2490
2809
3046
3126
2445
2655
2556
2706
2548
2624
2800
2487
2732
2521
2828
2441
3113
2436
2623
2602
2939
2599
2943
2598
2944
2600
2933
2601
2936
2603
2941
2604
2937
2605
2935
2606
2950
2607
2942
2608
2951
2609
2953
2611
2938
2612
2945
2615
2940
2613
2946
2610
2934
2614
2949
2616
2947
2617
2952
2618
2948
2453
2664
2812
2825
3080
2595
2427
2626
2712
2442
2842
3040
2437
2586
2446
2843
2920
2430
2665
2553
2434
2805
2440
2623
2461
2849
2619
2998
2520
3001
3122
2846
3006
3109
2713
2900
8802
2756
2925
2838
2620
2781
2866
2992
2815
3064
2726
2463
3059
2876
3007
6088
2497
2803
3047
2494
2587
2978
2561
2521
2564
2922
2924
2984
2486
2746
2873
8534
2997
3058
2916
2551
2586
2650
3078
3113
2760
3026
2761
3024
2763
3020
2766
3019
2765
3018
2762
3025
2764
3023
2767
3017
2769
3022
2770
3021
2768
3033
2777
3027
2771
3034
2776
3028
2775
3029
2772
3031
2774
3030
2773
3032
2495
3081
2670
2818
2749
3050
2834
2901
2496
2795
3126
2799
2804
2801
2910
2754
3008
2781
2983
3036
3121
4060
5222
6721
7373
3611
6352
6170
6429
5295
4232
5150
6089
6412
3420
6590
7366
8477
9156
8414
6398
5766
7470
2745
2559
2566
2759
2860
2680
2760
3105
2681
2761
3106
2682
2762
3103
2683
2764
3101
2684
2763
3102
2685
2766
3107
2687
2765
3108
2688
2767
3099
2689
2768
3100
2690
2769
3104
2691
2770
3093
2692
2771
3096
2693
2772
3098
2694
2773
3097
2695
2774
3094
2696
2775
3092
2697
2776
3091
2698
2777
3095
3054
9554
3066
3128
8776
9100
6988
6405
2903
2588
2911
2956
2844
2594
2856
2874
2719
2990
2686
2788
3053
2864
3058
3036
2731
2714
2735
9566
2739
2741
2794
2592
2859
3128
2596
3131
2620
2920
3077
8775
4808
4813
6450
6018
9229
4066
7273
4794
6396
6812
5070
7409
6729
6011
4142
6357
8541
2597
2995
3066
3057
3044
2654
2837
2956
2593
2995
2851
2874
3073
2850
2626
2712
2894
2897
2898
2899
2892
2895
2896
2893
2889
2891
2890
2888
2884
2885
2883
2881
2880
2886
2882
2879
2887
2968
2753
2875
2747
3004
3124
2754
2787
2657
2735
3132
2651
2663
2877
3060
7227
6173
4384
5425
6839
7275
3778
7010
6171
7340
9112
3854
8662
8362
6159
5604
6136
5047
2649
3065
2778
2850
3050
2669
2720
2925
2846
2878
2780
2825
2797
3065
2705
3109
2677
2931
2673
2674
2740
2703
2710
2808
2963
2971
3048
2716
2720
2877
2863
2913
8630
2678
2852
2855
2875
3086
2676
2830
3062
2802
3072
3114
2914
2818
2818
2880
2949
2879
2952
2881
2946
2882
2947
2883
2945
2886
2940
2885
2938
2884
2934
2888
2953
2887
2948
2889
2950
2891
2942
2890
2951
2892
2939
2893
2935
2894
2944
2895
2941
2896
2937
2899
2936
2898
2933
2897
2943
2965
3049
2707
2721
3082
2743
2712
2827
3067
2789
3006
2814
3055
8672
2722
3090
2736
2820
2814
2726
2858
2731
2828
2720
3010
3119
2973
3116
3130
2861
9562
2723
3080
2851
2916
2722
2799
2848
3074
3116
9564
3035
2728
2907
3014
2908
3013
2730
2906
3015
2909
3012
3090
2828
2900
9038
2872
3127
2748
3075
2780
3067
2848
2955
2985
2833
3039
3055
2811
2854
2835
3016
3055
8696
3118
9259
2857
9565
2756
2823
3115
2824
2921
2970
3072
3088
2783
2850
2784
2822
2783
2831
2835
3089
2985
2789
3050
2965
2872
2989
2792
2798
2931
3058
2839
2859
2793
3076
2812
2989
2823
3056
2958
2832
3046
2803
2964
3079
2830
3048
2982
2816
2816
2807
3112
3041
3127
2876
2822
3123
2988
2819
3123
2960
2991
2824
3052
2836
2854
3005
2862
3079
2840
3063
3011
3085
2919
2861
9560
9118
2914
2922
2961
2857
9558
2849
3132
2856
3111
2905
2914
3083
3000
2863
2902
9106
2996
2996
2976
2964
2920
2905
2992
2975
2867
3118
8836
2961
2959
2869
3045
3070
2877
2959
2875
2967
3041
2929
3083
3004
3010
2915
3038
2994
3043
9267
2961
3068
3076
2928
3000
3005
2930
2973
3121
2928
2957
2954
2932
3062
2969
2960
2966
3044
2928
3003
9291
2983
2957
2962
2999
2957
3075
8729
3074
3045
3040
3134
2971
2994
3054
3056
3002
2982
9279
2977
2987
3010
3112
2991
3064
3037
2989
2987
2986
3134
3057
3117
8910
2999
3011
3061
3001
3039
3128
3000
3006
3009
3016
6056
3011
3039
3109
3099
3108
3107
3102
3093
3104
3101
3106
3103
3105
3095
3091
3092
3094
3098
3097
3100
3096
3051
3038
3047
3045
3044
3054
9559
3052
3062
3133
3069
3133
3067
3061
3065
3079
3069
3089
3089
3077
3073
3078
3110
3114
3118
3084
3084
3085
3087
3088
3114
3119
3127
3113
3112
3120
9567
3119
3126
3131
3123
3125
9563
9553
3131
3132
3134
3136
4401
7387
3185
5417
3146
3252
8020
3141
5078
6151
3142
5077
6150
3145
4589
7773
3382
4130
3381
4131
3162
6909
7104
3163
6910
7105
4312
7704
3596
8093
3152
3468
5494
3149
4469
5093
4002
6406
3151
4246
5584
3287
8254
3196
8120
3156
3956
5158
3157
3957
5157
3167
5922
6434
4215
6127
4214
6126
3160
4619
6297
3161
4620
6298
4635
6103
4634
6104
3718
6790
3717
6791
3173
5652
9655
3169
3725
5494
3174
5866
6096
3328
7086
3171
3832
7906
4415
6381
3172
6545
7911
4567
6461
5274
5292
4228
6073
4011
7009
3283
4086
5474
3318
3916
7399
3187
6446
7463
3179
5170
7870
3987
7568
3181
5121
7870
3408
7382
3210
3665
5263
3211
3664
5262
3202
5285
5326
4049
4526
3194
3538
5273
3218
8029
3192
3502
6307
3193
3503
6308
3404
4375
7735
3203
3416
6912
3980
4240
3901
4241
3724
5655
3200
3507
4534
4010
4128
3198
6233
7577
4512
5533
3248
4497
5763
4623
8162
3744
4545
5612
4258
5536
3271
8200
3497
3689
7568
3208
3838
5707
3209
3837
5708
3411
4316
4551
3572
5520
3573
5521
5382
6377
5383
6376
3272
3589
4739
3302
3831
6959
3690
3876
3917
3269
3934
5417
3324
4021
5200
3245
4261
5166
3280
7037
3225
3300
5255
3223
4115
8023
3691
4264
6099
3336
3513
5120
3425
7246
3310
4008
4923
4955
5958
3614
3868
5784
3615
3869
5783
3229
4308
5229
4143
7769
3311
4234
5601
3262
3847
5205
3266
3334
7370
3267
3335
7369
3240
3458
3461
3241
3457
3462
3237
3387
5167
5129
6579
3433
3643
6076
3424
3865
6938
3499
5193
3500
5192
3447
3893
7438
3448
3894
7439
3748
4040
5036
5153
5344
3247
3279
3407
3953
4521
3249
4544
4543
5992
3377
3928
6284
3284
4443
5197
4113
4954
3255
5307
7380
3256
5306
7379
4888
7892
4889
7891
3496
4808
6159
3259
3349
7002
3375
7217
3316
4750
8174
3344
4265
7654
4433
6195
3474
3804
6001
3632
3963
4082
3633
3964
4083
3697
5904
3698
5903
3342
6139
6311
3270
3301
3567
5255
3789
4495
3836
5165
3471
3653
4984
3291
4806
5584
3276
4062
6566
5456
5849
3290
4633
6429
3285
5643
7083
3287
3782
4643
6110
3598
4044
7943
3288
5018
7231
4546
7331
4787
5488
5907
6781
3562
4706
6540
4806
4741
8114
3527
3733
6700
3705
5056
5989
3299
4819
5276
3487
4365
7612
3488
4366
7611
3903
4194
6789
3506
5005
6330
3313
4269
8213
3343
4021
5183
4854
7493
3301
8169
4995
5970
5975
3712
4453
5730
3857
4427
6865
3378
4376
8282
3312
3793
6669
3617
4174
8035
3373
5206
5887
3374
5207
5888
3595
4899
4553
6157
3317
8243
3833
8087
3475
4778
9601
3476
4779
4921
5772
6588
4917
6696
3558
7647
3333
4181
8213
3517
3754
7715
3442
5044
7706
3620
4111
7272
3325
5639
7555
5164
6903
5362
6086
3568
3612
3789
3752
3881
4228
3679
4593
3445
4277
4723
3444
4278
4724
3332
4614
5971
4147
5346
4940
6641
3481
5235
3482
5236
3433
8247
3373
3469
4104
3374
3470
4103
3348
3678
4268
3383
4064
5093
3538
4213
5976
4009
5702
4927
5809
3428
3565
3606
4703
4982
3381
3609
4032
3382
3610
4033
3973
4747
6044
6943
3351
6596
7556
3939
4609
3661
3961
4761
3660
3962
4762
3418
5212
7514
3419
5213
7513
3357
5106
6507
4126
4974
3359
6617
7534
4114
4653
3465
4715
4910
3362
4269
5324
4886
8214
3456
3473
5109
3520
3735
7329
3531
3935
6507
3368
5302
5348
3369
5303
5349
4918
5465
4919
5464
3566
4035
7229
3423
4279
6227
3428
4647
7393
4120
4119
6535
7620
3451
6533
8016
5868
6913
4237
6606
3380
4936
6879
3777
7333
3402
3403
6406
7750
3717
3835
4384
3796
5235
6324
3795
5236
6325
3629
5618
3484
5139
6420
3618
3862
7910
3396
3439
8180
3463
6064
7756
3426
4560
6849
3427
4559
6848
3395
6207
6464
3422
5221
3472
7709
4398
4565
4630
4399
4566
4629
3906
3913
3994
3907
3914
3995
3494
4439
6590
5775
6234
5774
6235
6478
6499
3406
3887
4874
4525
4988
3899
5596
4672
4787
3410
4084
8208
3883
7381
4986
5817
3413
5524
6005
3672
5581
3438
3536
5298
3437
3535
5300
4999
6411
3621
4216
7884
5414
6413
5415
6414
3779
4485
3422
5537
5634
5088
6701
6863
4684
5353
4079
5215
5704
6441
5703
6440
6054
3441
5597
9594
3440
4523
5598
3432
5610
7176
4737
7541
5187
3580
3897
4709
3766
5150
6210
3814
4916
6199
4809
7609
4810
7608
3999
4166
4409
6470
4410
6471
4590
6773
4498
4763
6557
4054
4342
4055
4343
3516
3605
8134
3699
5090
3700
5089
3450
4537
8030
4487
6709
3830
6877
3453
3881
7121
4976
7025
3457
5176
6203
3458
5177
6204
6309
6767
6401
6402
3460
3644
7440
4704
5424
6750
7987
6751
7988
4245
5233
3501
3702
8231
4168
5117
3533
4191
4559
3534
4190
4560
3725
6673
3681
7445
3680
7444
4739
7091
4146
6679
3525
3759
6906
7231
4381
4942
4380
4943
3490
4945
5156
3491
4944
5155
3515
5104
5701
3521
5179
5612
7752
8143
7751
8144
3628
3863
5443
5294
5671
3778
5030
6042
3625
3706
7863
3840
5703
3841
5704
3821
4144
5401
5560
7303
5559
7964
3806
4019
4223
3498
5056
5066
3813
4239
7928
9571
4238
7927
3987
5913
5012
7504
4473
6978
4472
6977
6525
8058
3504
4090
3505
4091
3732
4256
3731
4255
3985
6529
4110
5209
4479
4514
5958
3704
3919
4026
3540
4912
5381
3512
4535
6820
5002
7405
6435
7431
4197
4912
7300
4517
5180
4474
7199
5705
8073
3519
5463
6036
5458
6592
3954
3985
3756
4258
3537
4532
6117
3713
4532
6387
3812
4478
7452
4877
6448
3527
3560
4321
6767
3551
4845
9579
3552
3691
4844
3564
4726
5461
5064
5104
3582
5080
7979
4272
5853
4274
5854
3570
4275
3569
4273
3896
9575
3539
3773
5764
5182
7515
3956
4151
5303
3957
4150
5302
3559
3801
5107
3624
5555
7442
3623
5554
7443
3549
4835
7164
3550
4834
7165
4050
4831
4922
5968
6563
5969
6564
3553
7823
3554
7824
3708
6654
3709
6655
3850
4576
5861
3557
4903
5989
3692
5584
3702
4230
4769
7684
4727
5876
3563
6265
7009
6387
6511
6461
6492
5053
5338
4713
7465
3604
6272
4136
7449
4025
7689
5483
5840
5484
5839
3619
4210
6901
3868
6808
3869
6809
3817
3828
5445
4106
4135
7766
3930
3944
6775
3931
3945
6776
3585
4563
7728
3586
4564
7729
5048
5636
3676
4908
5890
3678
6071
3731
3734
7022
3732
3781
7019
3860
6255
3859
6256
3590
3723
4956
3715
4002
5896
7550
8296
3755
5320
3655
5428
7185
3656
5427
7186
3616
4244
4403
3599
5436
7835
4065
8222
4051
6817
3990
4463
8036
6031
6710
3788
5962
4371
4601
7931
4369
4603
7932
4372
4602
7933
4370
4604
7934
4034
6449
5546
7816
3673
5524
3608
3921
5572
4947
6176
3997
4031
3998
4030
4189
4921
4780
5065
3861
3864
4089
4696
5659
4695
5657
5048
7610
4732
6230
4202
5116
4625
5034
3952
6955
3622
3850
3851
4231
3963
5670
3964
5669
7207
7719
4459
4729
5022
4460
4730
5023
4454
7958
5224
7215
3631
3990
5100
4596
5099
3726
7518
3727
7517
3635
5767
8285
5627
6216
3867
4853
5499
3638
3642
5339
4364
4419
3657
5015
6164
3648
4328
7252
4407
4937
6529
4607
5680
4860
8224
3645
5869
3920
4953
3670
4450
6092
3671
4449
6091
3909
6907
3955
4129
4220
3707
4268
8195
4099
4163
4569
3724
5457
5460
3654
4396
3836
4162
6508
7124
6509
7125
4736
6466
4272
4338
4371
4274
4339
4369
4273
4372
4275
4370
3746
4561
4791
3687
5849
6025
3674
7179
3675
7178
4186
4751
4949
3932
4295
6583
3669
5444
6111
3875
5926
5477
6777
5478
6778
3673
4920
5700
3741
4587
3742
4588
7146
7714
3685
3984
6537
4509
5151
7667
3699
4866
3700
4867
3822
5103
7521
4145
5082
5111
3863
4097
4864
5838
7055
3765
6837
6838
3778
3711
5467
7297
6270
6437
4035
5444
6405
3747
5513
3694
4447
7213
4188
7357
3770
4428
4555
3947
4229
6316
3796
6241
3795
6240
5243
5244
3756
5079
5270
4202
4547
4793
5333
3783
8022
4060
5518
4069
4679
3783
8008
4267
6098
4266
6099
3714
6345
6913
5126
5603
4097
4099
7671
9568
6294
7111
3814
4405
3829
4579
6741
7721
7722
9578
3720
5178
6828
5490
6434
4082
4154
6130
4083
4155
6129
4640
7867
5152
5936
4081
4103
4080
4104
4147
4615
5010
3825
5805
6407
4159
4820
6661
7459
6502
6301
7775
3901
7907
4359
6561
3827
5194
6295
4094
4468
7605
4095
4467
7606
3741
6990
7337
3742
6989
7338
5016
5017
3916
4257
5491
7431
8271
4036
4855
5328
5013
7596
4246
4786
4193
5623
3824
4830
5499
3761
5793
6051
3762
5794
6052
7061
7128
3777
4734
8304
5586
7787
4554
6009
4545
3763
4584
5965
3764
4585
5966
3878
6768
3774
5537
7637
6124
8311
6123
8310
4928
7503
4929
7502
6466
7074
6165
7161
3768
4416
4656
3808
7101
3770
4731
7950
4376
3785
7171
7651
3786
7170
7652
4046
5646
4987
5221
3776
5445
6896
5054
5996
3794
4096
5771
4149
4529
5567
3980
7742
3784
3899
7291
4700
4870
5656
6848
5658
6849
4107
5353
5908
5276
5305
8209
3791
4292
7916
4362
5846
4045
4578
5281
5695
8050
3816
6951
7475
7474
3849
5690
6421
3836
4296
4324
4282
4293
5139
4283
4294
5690
3834
5354
3806
4267
7135
3807
4266
7136
4175
5993
3960
4480
6543
7351
4788
7352
3809
6821
4575
5020
4428
5083
5994
3864
5116
8244
3845
5422
4066
4438
6628
4148
4538
7540
5640
8133
5556
7264
3819
4373
6548
5773
7494
3966
5855
5928
4572
6891
5214
7081
3987
4086
6656
3937
7311
6488
6523
4307
4503
6721
4036
5304
5386
5550
4042
4894
4248
5525
6063
7087
5351
5664
3873
4940
3905
6009
4943
6053
5657
8080
5659
8079
4667
4938
3951
6440
3950
6441
4891
5113
6799
3844
4305
6358
6473
7834
4224
4651
3847
4422
4905
6135
3908
4676
8137
5624
5672
7835
5354
5861
3853
5692
6387
5115
6539
4721
4857
4394
4627
6962
4393
4628
6961
5337
7687
3900
5233
8210
3923
4250
3922
4251
3873
4939
4230
4581
9664
5286
3917
5566
3967
5435
6236
3942
6192
5839
5840
4333
4581
5384
5032
5525
9577
3895
4958
7997
8245
3879
7133
7272
3876
5259
6938
4350
4690
7058
4357
5785
4147
6955
4084
4481
4698
5095
3883
4496
7024
4112
3885
5751
5810
4533
4927
3890
4805
5889
4062
7595
4004
4301
6516
4005
4302
6517
5995
6174
3892
5345
7522
6888
7844
4038
9260
4039
4861
6310
4309
6933
3898
5536
4026
7291
6225
5608
8190
5186
4007
6336
7712
4347
6518
3981
4962
7483
4093
5572
6368
8088
6369
8089
4400
6954
4346
8267
4047
5594
6259
4048
5595
6258
4242
4883
6424
7043
7278
7042
7279
3954
5005
5603
5368
4034
4037
4882
7114
4382
4395
4989
6925
4222
5372
3924
6505
3925
6506
7412
7991
7413
7990
5137
5355
6702
4058
5583
6633
5085
8115
3952
7202
8260
6427
7244
6428
7245
6119
7191
3936
6914
7743
4049
5134
4127
7307
3980
6415
3942
4955
4452
4577
6934
4337
4484
4156
4180
5644
4157
4179
5645
4514
4087
6538
7966
5802
6650
5803
6651
3970
4117
7147
5459
6087
4634
4991
8102
4635
4992
8103
6144
6353
6145
6354
5928
5256
5852
5738
3982
5739
4753
4752
3976
4116
6185
4586
4785
7319
3993
7594
4490
7934
4491
7933
5130
5131
4479
4525
7942
3967
4541
7078
4270
7662
7901
4245
4431
7131
6834
7226
3978
4018
7035
4016
5376
6197
6524
8008
4729
4875
6420
4730
4876
6421
3977
6954
4535
6035
5720
8051
4212
4737
5522
5516
7822
5862
6269
3984
5006
7141
4138
7566
4123
6178
7070
4124
6217
4125
6218
8609
7028
4300
4846
7318
4188
4906
6358
4433
6135
4277
4719
4278
4720
4318
4896
5026
4157
4631
4156
4632
4167
6378
4001
6161
6318
5795
7780
6881
4226
4527
4714
4835
7045
4834
7044
4132
4920
6518
5629
6230
5753
7904
4015
7676
4100
6673
5250
6265
4263
5399
6463
4030
5681
7860
4031
5682
7861
4028
7199
6156
6233
4018
4346
5406
8261
4802
5893
4243
4702
6512
4022
6603
7594
4024
6271
6460
4935
7790
5085
8114
5285
4056
4374
8060
4329
6756
4316
6165
6727
4180
4179
4131
5122
4130
5123
5553
6448
9651
4233
7188
4108
6681
4109
6680
4043
6686
4042
4868
5050
5043
6747
7437
4934
7843
4162
4396
4061
4213
7203
7316
7204
7317
7016
7683
4286
8054
4663
4799
6483
4664
4800
6484
4574
5696
4573
5697
5786
6970
4139
5045
7299
5981
7783
4701
4777
5070
7888
6882
7675
6832
4064
4917
5933
6389
4310
8052
6944
4070
4578
5125
4069
4931
6152
7655
4071
8059
4396
5742
4077
6235
7186
4078
6234
7185
4190
5872
6258
4191
5873
6259
4176
4883
7282
4658
7326
4657
7327
5446
5875
4120
6695
4119
6694
5670
5669
7024
4279
5691
8281
4486
5818
7774
4794
4848
5062
5184
7224
4344
6425
4345
6426
4320
5638
7151
5320
6176
4810
8695
4809
4429
7467
7268
4404
4508
5673
4885
4330
4515
4280
5836
7511
4281
5835
7510
5130
5131
4684
5473
7320
6230
7003
7639
8138
4797
8659
4796
4355
5101
4470
5855
4820
5410
5726
7915
4837
5503
7118
7779
4400
6504
4201
4589
4392
4782
7449
5679
5678
4122
4803
7972
5086
5637
5993
6906
5089
5244
5090
5243
4127
6102
7665
4972
7795
4435
6374
5570
5571
4194
7421
4134
5735
7347
4687
5535
6745
7450
5134
6242
4622
5008
5375
4173
5882
6542
7610
4152
6409
6909
4153
6410
6910
4562
4792
5942
7749
4145
5050
6662
5154
6867
6364
6889
4317
6649
5856
6262
5857
6261
4850
5097
4849
5096
7295
7646
7294
7645
7194
7195
4387
4854
5305
4185
4496
4171
7073
7525
4172
7072
7524
5902
4425
5868
4165
5795
6591
4447
4906
4252
6211
4884
5185
4169
4785
5579
6383
4746
5073
7509
5148
5779
5149
5780
5824
6293
6442
7450
5847
6607
5403
9593
4178
4402
6046
5337
7614
4331
4332
7601
8095
4183
5293
6094
6527
7630
4987
5489
7187
4738
7169
4685
8027
4403
5612
8176
5924
4411
6397
6166
6167
4193
4586
6995
5118
7324
4599
5397
7691
4600
5398
7690
5805
7162
4205
4312
7603
4530
5679
6885
4531
5678
6884
6551
8299
8230
4204
4259
6583
6811
7871
4673
8238
4908
5052
5395
4208
4554
8125
4640
7693
4523
5562
7592
7602
4367
4751
5217
4607
6156
4299
6688
7014
6689
7015
7130
7137
4225
5911
7027
4378
4566
5040
4379
4565
5041
5514
7328
4518
4965
6811
6463
6836
4227
5599
4225
7189
5092
5591
6183
5600
5702
6128
4728
7808
4257
5107
7885
4705
5882
4234
8283
5608
4764
6335
7031
4765
6334
7032
6100
7537
4240
7698
4241
7699
6415
6344
4649
9591
7114
7953
6542
8257
7862
4247
5229
8262
4249
4746
5526
6937
5141
6253
5140
6254
5976
6807
4255
6426
7250
4256
6425
7251
4968
4969
4333
6078
4873
4887
4722
5354
5572
4262
4983
4798
7349
5371
6511
6911
6567
8297
4768
4276
6071
8194
4826
5581
4570
5441
6614
7098
7099
7096
7097
4802
6286
7280
7281
7223
4754
5833
4755
5832
7434
7991
7435
7990
4340
4840
5645
4341
4841
5644
4287
7936
5726
7304
4878
5155
5504
4879
5156
5505
4825
5906
6136
4505
5053
6998
6375
7192
4892
7412
4893
7413
4873
6291
4377
8223
4303
6151
8107
4304
6150
8106
6212
8075
5767
7375
4441
6483
4440
6484
4666
6989
4665
6990
4816
4967
4544
5118
5623
6810
6004
7993
4387
4772
4311
7937
5753
7305
7147
4424
5014
5042
4437
4593
6359
4402
6374
6755
4363
5107
5668
4319
5208
6411
7394
6856
7414
4325
6785
4491
4744
7116
4490
4745
7117
5902
6231
5785
6768
4380
6039
7220
4381
6038
7221
4865
7985
5912
7629
4654
4869
4840
7728
4841
7729
5160
4448
6107
7168
4875
4944
5504
4876
4945
5505
6225
6915
5703
7598
5704
7597
5307
7526
5306
7527
4352
7281
4353
7280
5662
7380
5661
7379
8226
6738
7282
4363
6223
7702
4405
5098
6880
4477
5640
7115
7618
9588
4832
8146
4833
8147
4680
5029
5376
4447
4534
4358
5640
7057
6111
7198
4615
5257
5332
5377
4361
6606
7512
5616
6519
6831
7561
5817
6160
7845
5434
5878
5433
5879
5182
7544
4714
5900
6184
6598
6599
6600
6601
4374
4861
6022
6593
7914
7512
4860
5165
6487
7519
6486
7520
5096
5097
5184
8273
5395
7881
9583
6361
4390
4766
6314
4391
4767
6313
8081
4612
5133
6992
4613
5132
6993
5465
5564
5464
5563
5801
7843
4757
5404
4758
5405
5285
5367
5049
5277
7081
7520
8071
7519
8072
6788
4402
7613
4709
4429
4485
5481
4621
5527
7384
6330
7238
4548
5476
7142
5549
6229
5548
6228
4784
4844
4783
4845
9590
4420
5074
5318
4421
5075
5317
7254
8019
6555
6730
4617
4692
7062
4419
5340
6623
6556
4475
4817
4476
4818
4423
6359
5164
6763
5400
6625
5065
5085
4539
6899
7249
5475
7480
5015
4900
4676
5667
6201
4814
8109
4534
5185
8163
4434
6685
6726
4669
5862
4513
4726
5752
5922
6763
5319
6157
6158
6392
4849
7220
4850
7221
4469
5416
7776
4616
5729
4711
5929
6297
4712
5930
6298
4519
5333
6288
4932
6040
4465
6137
4466
6138
4725
5750
6867
5412
5789
4540
4569
5988
7255
4533
4823
7771
4477
6698
7846
4486
5480
5615
4639
5272
7111
6393
6940
5932
6941
4475
4631
5122
4476
4632
5123
5551
7264
5058
5110
8011
5797
6033
5796
6034
5719
5891
5718
5892
6257
4471
5409
6310
7997
4475
5330
4476
5329
5912
7426
6951
7027
7740
5801
6028
6603
4670
7600
4644
6008
6270
4529
5301
5709
4598
5596
6186
6682
5501
5735
4500
5335
7587
4501
5336
7588
8055
8056
4493
5308
5587
5392
6164
4495
7255
8199
4780
7719
5462
5625
4899
6623
5388
6996
9585
5061
5747
5060
5748
5287
6041
5220
6760
4547
4831
6288
5764
6351
4796
5850
5937
4797
5851
5938
5947
6765
4804
7402
4528
5389
6633
4781
5941
6155
4859
6349
5942
6004
6122
4561
5171
5787
5863
6927
6220
6704
5710
6341
5543
7373
4571
6466
6659
7992
8254
4675
5248
6616
5222
5347
6059
7595
4669
6374
5516
5877
5407
5423
6609
4742
7763
4743
7762
6511
6485
4536
4801
7406
7347
7855
7497
7705
7257
8069
5842
7536
4542
7854
5957
6549
5518
7971
4910
5120
5170
8303
7230
6518
7282
4565
5708
6724
4566
5707
6725
6281
8274
4979
6075
6273
4882
6544
6883
6833
8282
4625
5493
7773
4828
5404
6604
4829
5405
6605
7171
7170
6672
4911
7289
4840
6981
4841
6982
6994
7009
4569
6728
7976
6300
7479
6072
6164
5111
9592
5419
5531
5418
5532
5321
6555
4824
5436
6707
7398
6570
4868
5479
5175
5271
7541
5819
4766
5264
5728
4767
5265
5727
4587
7184
4588
7183
5117
5016
5017
8298
5114
5880
4773
6438
7066
4593
6523
6630
5173
5859
5174
5858
8629
4771
7063
4636
6723
6789
5136
7638
5725
7029
5724
7030
7731
7732
8533
7733
8652
7734
4613
4619
6931
4612
4620
6930
6160
4609
5225
6319
4879
4611
4699
8082
5258
6907
4634
4635
5544
6296
6296
4798
4985
4618
4980
4976
6020
5929
5930
6243
7017
4754
6320
6070
6074
4688
5675
6838
7704
5245
7427
9586
4964
5390
4963
5391
5254
5811
5253
5812
5959
5960
5190
6866
7800
7841
4683
7013
7112
4953
5500
6102
6360
6831
6416
4660
5887
7583
4661
5888
7582
5926
6708
6199
6384
4662
5028
7807
4926
5901
6013
5590
5666
4662
7271
7359
6806
9587
4727
6438
7066
5350
5899
4653
5226
6343
4878
4856
4972
4656
4911
7100
4858
4665
7283
4666
7284
4673
5020
5393
4743
6870
4742
6869
7061
5985
6238
5984
6237
7337
7338
4748
7053
5162
6114
7549
7016
6952
8208
4786
5216
5611
4717
5039
5321
4831
5000
5277
5142
7299
7668
5159
7267
7382
4682
4941
7754
5088
6464
6233
7506
4827
5025
6683
5098
7650
6321
7111
5908
6453
7867
4736
5994
7319
5001
5211
6364
7546
4770
5031
6257
5422
7451
4930
4980
7839
4706
6986
4790
5663
6855
4770
4946
5983
4707
5577
4708
5576
4971
5628
5684
7208
8119
4830
5175
5146
5624
6346
7286
5266
7973
6594
7374
4989
5616
5006
7289
5371
7051
8251
7052
8253
5179
4973
4978
5445
6647
7763
6648
7762
4804
5540
7401
5458
6462
5275
5698
5907
5322
6546
5523
5778
7523
7636
8043
7635
8044
5071
6450
5861
6836
5419
7663
5418
7664
6679
6820
4821
7842
5457
5828
5365
5366
5083
6456
5629
7361
5051
5161
6859
5621
9597
5442
5533
6349
7074
6306
7720
8001
8295
4747
7256
7483
6375
7916
5313
5314
4764
7153
4765
7152
6533
7402
4913
6229
4914
6228
9595
4825
7954
6861
5237
6487
5238
6486
5776
5475
5770
4959
5342
6635
4918
5359
4919
5360
4968
5012
6762
4969
5013
6761
5839
6169
5840
6168
4923
6161
5472
5471
4818
4817
5011
7969
5736
6706
6683
7028
7145
5168
5305
5953
6792
6083
6138
7645
6084
6137
7646
4777
6927
8291
6489
4783
5754
4784
5755
5988
6375
7231
5255
5958
8040
8041
5994
7768
5159
5758
7969
5142
6542
7477
4982
5700
7970
8006
4858
5425
6753
6830
5617
4815
7074
7319
8730
5488
7899
7941
7898
7940
6185
6887
6037
4933
6578
7979
5214
5701
4870
5369
5432
7399
5925
8673
4842
6092
7866
4843
6091
7865
5323
5772
5540
7654
6995
8099
6024
7686
5959
5960
5014
6624
5817
6430
6794
5660
6208
7441
7488
6636
6836
6247
5191
6005
6703
7428
5569
7886
5568
7887
7489
4997
8279
4998
8278
6743
6744
4975
5029
5110
6916
6919
5132
5797
6852
5133
5796
6851
7528
7697
7529
7696
7695
9668
5848
7363
5468
5486
6048
6175
7923
5984
5985
4852
5980
7701
6830
7230
5057
5844
9641
5621
8304
6916
8284
5951
8112
5806
6156
6160
6388
5786
4880
6757
8067
4881
6758
8068
4885
5988
5340
7850
5130
7438
5131
7439
5401
5261
5294
5066
4872
7200
9572
6874
7209
5829
5343
5982
5671
5672
5109
6560
6919
6915
7490
7987
7491
7988
6512
7142
6211
7908
5065
7187
8026
6121
7708
5143
5662
5144
5661
4995
5411
6002
7129
7137
6420
6618
6421
6619
4895
4977
5230
6742
4999
7064
5163
6289
7064
5413
5766
7724
7851
5674
5880
4950
5063
7265
4951
5062
7266
6732
7023
4905
5092
5205
6759
4967
4975
5291
7773
6419
5082
7115
9661
4952
5006
7325
5508
5549
5509
5548
5024
5924
6131
5897
6472
6886
7110
7109
5476
6053
5049
6357
6024
4928
5280
7033
4929
5279
7034
5069
7813
4996
5945
5487
5217
6861
5370
5814
5451
6017
4941
7487
4935
5585
5234
7209
9573
6080
7961
6056
8076
4940
5867
7367
7104
9582
7105
5022
5023
5025
5695
6985
7571
4961
5369
6815
6250
7957
4963
7924
4964
7923
5458
5462
5239
5552
6121
7312
6453
8046
4968
6827
7459
6548
7854
4960
5199
6105
6782
6573
7770
5590
7256
5359
5360
5627
7641
6813
6958
9574
5795
5067
5009
6451
6649
5001
5290
6278
5230
5556
5500
7701
8298
6621
4978
6574
4990
6562
7070
7570
4982
6274
6595
5379
6282
4985
5742
7090
5410
7403
6327
7814
8140
7358
5208
6678
5613
7314
5614
7315
5040
5237
5520
5041
5238
5521
5683
6118
6291
5003
6067
5004
6068
7873
5106
5609
6602
6015
6133
6517
7279
6516
7278
6311
5027
5835
6712
5836
6713
7348
8277
5647
7057
6287
7736
7726
7727
7219
5587
5037
5038
6001
7689
5119
5547
7199
5021
5310
6822
7963
7302
6322
6358
5686
5163
6678
5770
6629
7128
7200
5076
5249
6812
5628
7776
6806
6875
5034
5327
5610
6965
5186
6344
9607
6979
7353
7335
7508
7336
7507
5379
5488
5707
5708
5479
7260
5163
6574
6597
8316
5046
6597
5715
8315
5617
7569
5650
7425
6289
6867
7628
6593
6716
7377
5386
6273
5093
6554
6886
6827
5469
6495
6272
6449
5260
7274
7360
7006
7529
7005
7528
7039
7038
9589
5180
7466
6172
6502
7970
5625
5871
6032
5094
6198
7817
5472
7173
5471
7172
9596
6501
7878
6313
8065
6314
8066
5084
8011
7234
8106
7235
8107
6078
7685
5823
6064
5825
6013
7404
5341
5579
7385
7505
5799
7895
5517
6394
7352
5589
8837
5092
6407
7190
6100
6105
5837
6012
7105
7104
5172
6609
8085
5567
8248
6591
8280
5261
5883
6919
5104
6507
5146
5884
6915
7521
5109
5311
7226
8299
9646
6381
6436
7228
5834
6340
5813
7584
5837
8241
7840
5118
6670
7676
6355
5170
8129
6977
6978
5145
6008
8306
7579
8127
5599
6244
5636
5650
5743
5343
6396
7814
5451
7059
8103
8102
6580
5999
6077
6443
5274
5852
7017
7580
5905
6023
8207
7757
6761
7877
6762
7876
7068
5148
7107
5149
7106
6535
7112
6225
5954
5957
7999
7616
7615
7346
6250
8027
5374
7414
5308
5482
6153
6378
5226
5225
5856
8309
5857
8308
5198
5975
7417
6132
6263
7694
8125
7578
5955
5309
6949
5626
7139
6117
6328
5210
6277
7267
5294
7757
5615
7753
5507
6665
5506
6666
7056
5192
5246
5193
5247
5378
7309
5536
8017
5345
7071
7962
6976
6290
8061
5867
7213
7604
6382
7473
5715
5923
7718
5190
5518
6979
7354
6133
7405
5330
5329
5544
7516
5511
6869
7585
5512
6870
7586
5198
6586
7500
5380
7054
5809
6528
5414
5630
5909
5415
5631
5910
5206
6468
7203
5207
6469
7204
5911
7583
7582
6896
7447
8057
6939
7561
5228
8131
5268
5915
5269
5916
7460
6120
7777
5513
6587
6021
5220
6182
7736
5286
6862
7766
7713
7952
6260
5224
5293
7145
7139
7305
7304
5565
6932
7680
5667
7574
7768
7343
5803
6237
6458
5802
6238
6459
7469
5334
6179
5696
5697
6126
6127
5694
6036
5270
6232
8003
5326
5367
6862
5245
6037
6154
6552
6553
7378
5253
5791
5254
5790
5918
6403
5250
8128
6109
5252
6640
8126
6559
7778
5649
5648
5292
6276
5328
8133
7252
7968
6125
6771
7218
7846
6916
5761
6581
5762
6582
5430
7194
5431
7195
5267
6207
6465
8119
5722
7079
5723
7080
6355
6306
7968
5496
5804
5764
6691
8302
6614
7050
7077
7521
5392
5860
6072
5283
5454
5284
5455
5282
5396
6264
6527
6558
7328
6347
7329
7224
6116
6721
5302
5453
6189
5303
5452
6190
5535
7896
5376
5493
6246
5927
6060
6492
5773
6817
8053
5592
7098
7099
8911
5593
7096
8803
7097
5668
5789
7453
9604
5528
5529
5309
5331
5311
7095
6834
5341
6814
8191
6693
7648
6692
7649
5356
6842
8071
5357
6841
8072
5329
5641
5330
5642
6305
6544
8171
6049
6013
8129
5530
7362
6327
8132
5326
6077
6637
6342
6901
6295
5392
6356
6439
7566
6032
7449
7843
5397
7697
5398
7696
8025
6351
6467
5340
7290
6662
6100
6606
7132
5870
7538
7805
5358
7642
6839
6936
6262
7262
6261
7263
7163
7218
6498
6935
5353
5977
7293
6863
6926
6735
8065
6736
8066
7133
7792
7262
7263
5476
6644
6658
5461
6793
5365
6146
6940
5366
6147
6941
6618
6619
7224
5369
6815
6942
7533
5372
6985
5374
5457
5798
5575
5377
6873
7572
5922
7501
6546
5407
7222
6585
7739
5768
7355
5769
7356
5970
6215
6373
6825
7492
6014
5446
5818
6568
5395
6419
5441
7222
7456
7982
7455
7983
6834
7147
5470
6043
7108
6075
6857
6163
6162
6117
8116
5401
6891
6173
6177
6396
6795
9614
7110
7109
5765
8216
6635
5409
6191
7134
7272
7381
8170
8228
5709
6107
5973
6444
7120
7119
6881
7607
5683
5420
5421
5966
7183
5965
7184
5899
5424
5981
6519
6676
5526
6477
9612
5681
6252
5682
6251
5432
7488
7492
5437
5644
5438
5645
7770
5548
6144
5549
6145
7027
7741
6328
5528
5728
5529
5727
6148
6508
7180
6149
6509
7181
5967
7921
8070
7225
9638
7198
7118
5656
7079
8325
5658
7080
8326
5450
6356
8295
6949
7091
6496
5464
6735
5465
6736
5466
6800
5467
6801
5731
5844
5460
6690
6691
7377
6754
6754
6830
5739
6095
5738
6269
7018
5470
5939
6497
6714
6715
6938
7021
5588
6682
5777
6379
6494
6380
6493
7261
5481
6627
6628
6833
7789
5783
7608
5784
7609
5515
7545
8138
5517
5758
6200
6558
7114
7952
5491
7417
6829
5580
6847
7918
5865
5495
5987
8121
6437
6939
5498
6430
6794
6958
8078
6497
5980
5502
6772
7772
8130
6216
8284
5883
5884
6258
6337
6259
6338
5878
8076
5879
8077
5578
6242
6580
7513
8252
7514
8250
6732
5792
6755
6348
7909
5923
7416
5552
6279
6543
8217
8218
6197
6476
7375
7981
6887
5526
7856
7890
7886
7887
6589
7345
6325
7356
6324
7355
5534
5716
6805
5799
6825
6129
6930
6992
6130
6931
6993
7306
5790
5811
6379
5791
5812
6380
7946
7617
5951
6089
6646
5547
7642
7792
5551
6966
7575
8020
5566
7436
5573
5938
5574
5937
7539
5558
6918
7464
6045
6991
6248
7716
6249
7799
6316
7808
9605
5760
6011
5568
7109
5569
7110
6224
6341
5977
6451
5727
5728
7287
7490
7288
7491
5677
5748
5676
5747
5638
7102
5733
7259
5734
7258
7018
7710
6455
5664
6994
7421
6226
6299
6489
6227
7223
5744
6710
7826
7852
6833
5643
7330
6152
6266
5591
5665
5853
7423
5854
7424
6468
6572
6469
6571
5852
5745
6786
5746
6787
7351
5603
6311
5602
5608
6158
8062
6281
6727
6033
6203
6852
6034
6204
6851
5689
5905
6398
7230
7701
6476
6890
7143
5619
6104
5620
6103
8123
8037
7039
5654
7472
6740
6757
6739
6758
9608
6109
6196
6812
5992
6172
6753
6017
7955
5848
6963
7175
5915
7418
5916
7419
5843
6388
6850
6243
6300
7632
5635
7492
6266
7488
7292
5749
6974
8188
6957
9580
5648
8066
5649
8065
5919
6351
7429
6955
8260
8072
8071
7717
5652
7200
9569
7128
5737
6283
7239
6232
8246
6066
7414
8250
8251
8252
8253
5950
7366
5780
5779
8033
8175
8186
5666
6928
5881
6905
7684
5676
5677
5883
5884
5674
6113
5813
6889
7495
7005
7006
5887
5888
6306
7806
5774
5775
7386
6047
6683
6550
6639
5687
7212
6595
7339
6499
7914
9610
6423
7499
7829
8155
8289
7671
9576
6056
6088
6797
6592
6925
7339
8146
8147
5699
7486
5919
7753
6658
7432
6756
5706
8034
6022
8060
6040
6224
6583
5973
6715
7031
5974
6714
7032
5714
6900
7918
6920
7216
7737
5944
6514
5990
6106
7301
5724
7939
5725
7938
7242
8183
5881
6054
6412
8009
8197
8010
8198
7258
7259
6343
7559
7996
7268
9618
6495
7446
5763
5871
6729
5784
7938
5783
7939
8131
6009
6883
5990
7385
7329
7328
5756
6689
8308
5757
6688
8309
7996
6524
8319
6339
6460
5759
6663
5760
6664
7530
7531
7856
7978
6980
7628
6573
7771
6239
6467
6319
6038
7342
6039
7341
5973
7724
5974
7725
6948
7722
9617
7721
6990
8106
6989
8107
8287
6002
7386
7653
7781
6057
6324
6058
6325
6865
6367
6136
7767
7186
7185
6541
7825
5830
5932
6872
7318
6307
6308
6244
6368
6674
6245
6369
6675
6898
5827
5818
7118
5789
6706
7684
6204
6203
6558
7177
6104
6576
6103
6575
7157
7158
7692
7800
6974
5849
6042
7446
7943
6409
6410
6270
6321
7190
6026
6730
6162
6385
6945
6163
6386
6946
5810
6528
6194
6193
7893
6485
6620
6170
6346
6642
6055
6472
7201
6363
7910
6221
6334
7117
6222
6335
7116
5823
7601
7857
7756
6299
6408
7331
8303
5991
6080
6191
5991
6984
5841
7809
6029
6290
5832
6941
5833
6541
6940
7236
7237
5986
7944
6719
6720
6128
7966
8177
7692
7925
6918
9615
6076
6490
6832
5962
6799
7077
6284
6360
5996
7394
6341
6946
7530
6945
7531
5873
5872
7998
7088
7089
5872
7424
5873
7423
6749
7619
7018
6226
6538
6046
6629
6755
6197
6965
6268
6577
8329
6345
6102
6626
6198
6282
7275
6202
7385
7436
5876
7065
6700
5898
7401
8111
8110
6774
6722
6408
5971
7642
7816
5998
6991
7247
7432
8024
6285
6716
7029
7030
9094
6756
7558
5903
6647
7648
5904
6648
7649
5897
6406
6055
5923
8315
7846
6845
7786
6282
6546
6264
7794
7793
6640
7989
7000
7545
6331
7746
6332
7745
6236
7679
6199
6656
5925
7350
8012
8013
6201
7320
7678
7068
7498
8123
7007
7259
7691
7008
7258
7690
7853
6415
6771
6895
7215
7741
6885
6884
5972
7780
8280
7481
5934
6696
6209
6390
5995
6936
7460
6894
7253
6680
6681
5940
6267
6920
7897
6115
6906
6430
5944
6069
6283
8321
6347
6904
5952
7433
7736
6186
6188
6131
6983
7723
6733
7075
9625
6734
7076
6948
7969
6999
8320
6685
6960
5956
6388
7551
7995
7078
7195
7194
6534
7026
7274
7415
6007
6115
6835
6003
6454
7174
7159
7160
6027
7047
7342
7820
7341
7821
7623
7617
6317
8070
9611
6824
6066
7182
5979
6069
6106
6132
8101
6036
7440
6566
8182
6554
6669
6410
6409
6742
7269
6436
7949
7836
7182
6310
6979
6562
8118
6562
6050
6389
7912
6996
9644
7060
7685
6001
6912
8209
8226
6391
6590
6097
7406
6060
6404
6677
6090
6586
6321
6016
7516
7557
6361
6539
6621
6108
6273
6679
7709
7617
7919
7468
6547
6567
6079
7426
8134
6021
6975
6976
6737
7381
7499
6161
6352
6566
6677
7905
6227
6633
6029
6279
8061
6049
6498
8186
8141
8172
7946
6380
6379
6348
6643
7558
6744
6743
6864
6173
8173
8128
7176
7897
6045
8007
7247
6865
6602
7428
6271
7710
8238
7750
8150
6057
6371
6058
6370
8297
7750
7474
7475
6170
8118
7454
6563
6843
6853
6564
6844
6854
6417
7666
7306
6066
6807
6856
6484
7276
6483
7277
6070
8057
7138
7730
8242
9628
6860
8101
6570
6435
6078
6608
7994
6984
6088
8202
6089
8204
9146
6092
7528
6091
7529
6231
7461
8223
6087
6315
7376
6155
7500
6095
6394
7296
6491
6967
7416
6921
7875
6276
7992
6286
9570
6287
6611
6622
6788
7813
6283
7593
6857
6966
6265
6111
6898
6113
6687
7893
7085
7398
7674
6178
6711
6760
6119
7232
7233
6792
7065
6279
6192
7595
6297
6432
6298
6433
7021
7772
8220
8221
8242
7517
7518
6545
7301
6134
6893
7900
7578
7158
7157
6330
6923
6205
7758
7931
6180
7760
7933
6206
7759
7932
6181
7761
7934
6471
6470
6148
7148
6149
7149
7974
7975
6234
6235
6620
6860
8162
6372
9647
7192
6158
6208
7588
7587
7535
7170
7317
7171
7316
6809
7116
6808
7117
6584
6929
7829
8038
8117
7672
6971
7815
8172
7573
6242
7790
8056
8096
8055
8097
6326
6810
6184
6928
6610
6613
6457
7162
7325
6429
6866
6487
6841
6486
6842
7960
6832
6493
6724
6494
6725
6236
6684
6492
7537
7560
8237
8137
6449
8011
8063
8111
8064
8110
7953
7929
6285
6292
6727
6212
7908
6494
6783
6968
6493
6784
6969
6362
7624
7641
6338
6665
6337
6666
6220
7396
7432
8021
6808
8217
6809
8218
6661
7155
7191
6293
9634
6260
7744
6579
7418
7419
6246
6399
6432
8310
6433
8311
6702
8091
6394
8092
6276
6615
7703
7304
7936
7305
7937
6630
6255
7861
6256
7860
6818
6982
6819
6981
6505
6506
6554
7053
6479
6480
7542
7639
7744
7441
6268
6495
6921
7416
6948
6551
6275
8049
6855
7838
7532
7869
7781
8285
6359
6523
6759
7409
7917
7935
6372
6326
7683
6662
6291
7764
7878
6537
7013
7590
6296
7227
7047
6309
8135
6353
6427
7554
6354
6428
7553
6350
6393
7963
7113
8084
7698
7699
7095
6435
6612
8193
6735
6736
6316
7193
6318
7921
6557
7894
6323
7572
8288
8313
7825
7852
6911
8240
8116
6504
6613
6897
7940
8301
7941
8300
6578
7050
7486
7014
7015
6362
7003
6571
6572
6760
7713
6741
7261
7176
7216
7889
9639
6728
6561
6953
7845
7787
7826
8182
7785
7784
8246
7619
7797
6913
7721
6363
7004
6365
6748
7476
6424
6644
7142
6804
7273
6853
6854
6376
6575
6377
6576
9652
7399
7647
7407
7408
8163
8174
6858
8224
6462
6840
6472
8306
7030
9119
7029
6390
7935
6392
8327
8062
6541
6431
6795
9620
7695
6639
6422
6467
6438
7977
8108
7315
7902
7314
7903
7496
7844
6461
7905
7695
6759
6607
8322
6631
6870
6632
6869
6417
7622
7868
6442
6496
7059
7144
7429
7911
8323
6876
8264
8263
6520
6521
6723
7552
6647
6648
6634
7257
7532
6474
7738
8151
8152
6443
7365
7922
6805
7447
8070
6447
7392
7384
8030
7198
7922
8124
6453
6861
8045
8307
6456
6840
7358
7218
7810
7245
8012
7244
8013
7433
6592
6636
6465
7208
7445
7444
6521
6520
7556
8313
8060
8145
6641
7138
8195
6965
6500
9650
6501
6937
6481
7089
6482
7088
7266
7831
7265
7830
7232
6987
7300
7817
6612
7498
7145
7575
7168
7489
6555
6500
6937
7764
6503
6997
7020
6622
6508
6509
6515
6531
8150
6513
6536
7973
7239
7577
6535
8318
7043
7042
6635
6775
6776
6959
7094
7623
7755
6526
7647
6826
7913
8139
7036
6530
7344
7567
7589
7912
6533
7945
8157
7359
7807
8074
8272
6538
6540
7062
6726
8272
8288
7049
7340
6549
7767
6559
7010
7229
6571
7444
6572
7445
6557
7920
7113
7226
7229
6873
6652
6653
7167
7264
7539
7420
6700
7774
6570
7070
8127
7197
6678
6739
6740
7446
8128
8196
8002
7016
7234
7407
7235
7408
6610
7273
6638
7025
7559
6890
7657
6589
7228
7249
7780
7881
6595
6897
7834
7894
7478
7096
9039
7097
7098
7099
9044
7621
8061
6961
7106
6962
7107
6912
7427
9606
6864
7786
7428
7621
7067
7374
6657
7743
7986
7482
7497
7871
7889
7180
7181
7441
7062
6703
7850
6625
7046
7562
7665
8160
6628
6656
7177
6987
6692
7120
6693
7119
6824
7417
8116
6745
7365
7121
7271
6640
8329
7285
8117
6820
6980
6746
8097
8235
9616
8096
8234
7885
6790
6909
6791
6910
6654
7820
6655
7821
7135
7136
7000
7222
8175
6660
6837
7522
7805
6871
6786
6790
6787
6791
9107
6717
7507
8105
6718
7508
8104
6886
6671
7658
7238
7961
6673
8006
6843
7351
6844
7352
6677
7454
7442
7443
8123
6685
7078
6687
7084
6748
7032
7031
6691
6998
7793
7794
6779
7518
6780
7517
6697
7599
7878
7274
7334
6891
7562
9648
6702
7047
7212
6705
7011
8017
8184
6707
7674
6709
8029
6772
6711
8173
7560
8105
7811
8104
9669
7922
7735
6719
7041
6720
7040
8265
8266
6929
6738
8080
8079
6956
7591
8286
6935
6732
7022
7126
7455
7670
7456
7669
7494
8073
6795
8068
8067
6742
7220
7221
6862
6878
8175
6748
7546
6802
7550
6757
7314
6758
7315
6917
7604
9584
6754
7251
7250
7501
6971
7571
7839
6766
7085
6866
8166
6768
7119
7369
7745
7120
7370
7746
6772
6774
7400
6845
6786
6787
6783
7866
6784
7865
6885
6931
6884
6930
6782
7054
7082
7052
7051
6868
7842
7668
7103
7012
6794
6957
8064
8233
9627
8063
8232
6799
7219
7260
7625
8048
7626
8047
6803
7730
7071
7551
7467
7786
8321
6876
8181
6988
7534
6823
8078
7064
7872
6829
7700
7707
8184
8159
7250
8263
7251
8264
6822
7951
8005
8328
9619
7087
6826
7637
7836
6829
7196
6939
7579
7874
7495
8099
7797
6925
7519
7520
7135
7136
7467
6890
7802
7965
6900
7592
8153
8154
7962
7995
7903
7902
7164
7165
7945
7069
8139
7461
8167
6860
8101
8258
7468
6898
7037
6872
7169
7156
7811
6879
7807
6876
6877
6878
8016
7026
6881
7650
6983
7429
7673
7374
6889
7496
6893
7709
8180
7410
6997
8006
7812
8167
7394
7212
7161
7345
6901
6932
7313
7656
7310
7501
7811
8236
7677
8130
6908
8083
8228
6988
7350
7986
7127
8178
9643
6921
7035
7614
8025
7238
7676
7881
7914
9649
7048
8206
7779
6929
7363
8081
9653
7361
7593
7906
7926
7233
8164
6947
8293
7010
7113
9113
7144
7248
7349
7192
7383
7561
7333
8074
8126
6954
8136
6960
8020
6958
7622
8093
7615
7616
6964
7896
7368
7776
6967
8139
8079
8253
8080
8251
7344
8145
8171
6973
7166
7818
8328
9635
7347
6976
7025
7288
7287
7909
7526
7527
7911
7344
6986
7570
7957
9654
7294
7295
7875
7437
7248
7970
7376
7700
8211
7054
7002
7395
7590
7791
7004
7765
7645
7646
7052
7866
7051
7865
7012
8021
8320
7395
8220
8221
7392
7020
7371
7253
7678
7023
7364
7207
7334
7575
7159
7626
7160
7625
8216
7197
7310
7298
7830
9623
7831
7335
7681
7336
7682
7044
7045
7165
7164
7493
9622
8211
8276
7654
8109
7479
7140
7951
7108
7489
7058
8259
7060
8002
7121
7139
7955
7066
7068
8122
7410
8181
7995
7075
7457
7076
7458
7930
7929
7219
7514
7513
8219
7083
7404
7330
7353
8165
8165
7087
7667
7092
7093
7091
7349
7827
8148
7828
8149
7694
7711
8179
7101
7141
7140
7103
7800
8189
7891
7892
7541
7217
8227
7205
7327
7803
7206
7326
7804
7327
7974
7326
7975
7127
7907
7657
7130
7944
7348
7174
8269
8182
7134
7659
7415
7601
7141
7818
8256
8294
7589
8294
7237
7803
7236
7804
7151
7410
7900
7832
7172
8055
7173
8056
7175
7361
7398
7156
8268
7748
7294
7295
7663
7664
7967
7163
7189
8256
9645
7563
8036
8035
7471
8113
8112
8327
7549
7560
7183
7355
7184
7356
7412
7413
7436
7188
8255
7190
8164
7555
9656
7197
7309
8150
8318
7452
7740
7210
7211
7283
7322
7284
7321
7208
9602
7586
7660
7585
7661
7214
7448
7908
8168
7897
7395
8290
7332
9659
7817
7249
7233
7491
7490
7510
7511
7505
7241
7715
8270
7936
8054
7243
7798
7937
8052
7554
7553
7396
7777
7248
7290
7254
7372
8225
7393
8317
7261
7265
7266
7383
9636
7270
7343
7563
8277
7634
7946
7898
8279
7899
8278
7280
7281
7681
7682
7286
8038
8291
7987
7988
7806
7292
8319
7301
7639
8048
8092
8047
8091
7462
8108
7478
7515
7303
7481
8032
7979
7308
8249
7466
8289
7310
7312
8082
8169
7864
8001
7651
7652
7471
7956
7510
8265
7511
8266
7324
7662
7833
8189
7739
7331
7618
7958
7334
7337
7338
8049
8307
8041
8040
7539
7346
7362
7884
7470
7354
8166
7448
7853
8037
7360
7810
7847
7459
7836
7450
7672
7368
7895
7607
7794
7793
7372
8161
7747
7683
7782
7377
7629
7679
8015
8014
7869
7500
7855
7387
8215
7733
8201
9268
7731
8202
7734
8203
7732
8204
9292
7581
7465
8024
7569
7653
7401
8316
7465
7499
8274
7813
7406
8068
8067
8323
7430
7775
8135
7835
7940
7941
8322
7662
7888
8286
9278
7797
7926
7959
7959
7966
8004
8193
7713
7596
7727
7504
7726
8100
7443
7442
8160
8280
8075
7452
8259
7516
9663
7457
7458
7615
7616
8219
7812
7463
8090
7581
7536
8007
8155
8085
7862
8062
7989
7847
7473
8168
8247
8311
8310
7584
7893
8122
8257
7482
8000
7481
8031
7705
7755
7547
7784
8197
7548
7785
8198
7487
7754
9642
8205
7522
7497
7627
7507
8237
7508
8236
7829
7506
7577
7599
8157
7950
7544
7640
7748
7699
7928
7698
7927
8014
8015
7587
7588
7568
7656
7680
7641
7702
7967
7976
7538
7789
7584
7706
7543
8138
7628
7909
7957
7956
8100
7553
8009
7554
8010
7711
7551
7576
9658
9660
7638
8018
9621
7629
7874
9662
8124
7644
7827
9665
7569
7643
7828
7567
8145
7571
7738
7579
8127
7621
7668
7841
7925
7594
7581
8206
7585
7586
7620
7591
7631
8187
8035
7757
7611
7932
7612
7931
8243
7973
8119
7603
8239
7704
7907
7608
7939
7609
7938
7650
7737
8110
8111
7614
8215
8312
8296
8293
7693
7624
7712
7635
7636
7844
7962
7744
7812
7791
7976
7890
8000
7859
7994
8018
7739
7810
7664
7663
8240
8314
7949
7980
7653
7849
7848
9666
7763
7762
7660
7661
7656
7863
7801
7659
7792
7960
8250
8252
8249
7667
8028
7672
7982
7983
9667
9609
7674
8125
7723
8075
7678
7772
7959
8164
8266
8265
8003
7834
7904
7688
8031
7798
8183
8209
7696
7697
7841
7694
8276
8268
7954
8161
7706
8156
8281
7871
7915
7790
7712
7912
7935
7716
7788
7718
7737
7822
7720
7864
9637
7853
7849
7848
9600
7876
7877
7861
7860
7805
7758
7760
7759
7761
7764
8034
7741
7743
8161
7751
7752
7954
8019
8305
8078
8158
7948
7947
7754
7822
8210
8232
8233
8234
8235
7766
7840
7999
7769
7819
7771
7775
8021
8074
8084
8292
7782
7796
7879
8160
8151
8152
7788
7964
8282
8007
7796
8120
7981
7799
8032
7802
8178
9581
7974
7975
7968
7809
9629
7815
8141
7919
7819
8158
7823
7824
8040
8041
7826
7830
7831
7833
8188
7901
7838
8050
8243
8157
8045
7910
8108
7920
8001
8148
8149
7851
7984
8034
7998
7856
7858
8095
8142
8210
7919
8134
8327
7864
7868
8028
7870
7873
8324
8200
8059
7918
7990
7991
8249
8290
7913
8132
8240
7948
8144
8278
7947
8143
8279
7885
7891
7892
7971
7915
7978
7904
7896
8301
8300
7901
8103
8102
7906
8058
7917
8115
7921
7982
7983
9598
9613
8219
7929
7930
9633
7943
8140
8277
8033
8301
8300
8317
8037
8177
7953
8085
8136
8225
7961
7964
8256
9640
8069
8287
7978
8196
8090
8211
7981
8121
7985
8222
8267
7989
7993
8262
9624
8059
7998
8159
8196
8003
8005
8177
8179
8319
8012
8013
8264
8263
8033
8156
9657
8174
8195
8273
8024
8039
8183
8042
8255
8028
8030
8032
8248
8039
8292
8094
8142
8047
8088
8048
8089
8046
8171
8050
8052
8212
8054
8205
8321
8098
8076
8077
8229
8270
9603
9670
8083
8170
8272
8087
8098
8231
8245
8091
8092
8206
8159
8095
8214
8112
8113
8194
8100
8236
8237
8269
9599
8115
8118
8121
8185
8248
8207
8303
8131
8194
8304
8179
8137
8141
8190
8146
8147
8309
8308
8153
8154
8325
8326
8156
8328
8163
8166
8168
8170
8173
8257
8271
9630
8181
8320
8193
8271
8187
8239
8189
8283
8227
8324
8225
8275
8312
8325
8326
8200
8275
8233
9631
8232
8235
9632
8234
8270
8208
8222
8261
8214
8216
8220
8221
8224
8228
8312
8268
8305
8231
8244
8239
8242
9626
8245
8247
8262
8283
8276
8281
8260
8267
8307
8329
8323
8324
8285
8287
8302
8290
8292
8294
8296
8322
8299
8314
8317
8318
8314
8316
8331
8458
8914
8661
8850
8333
8349
9142
8962
9049
8408
9016
9043
8360
8401
8797
8365
8496
8737
8366
8497
8736
8417
8486
8957
8340
8495
8637
8805
9231
8424
8452
9129
8425
8427
9299
8345
8371
8753
8346
8372
8754
8812
9248
8813
9108
8384
8501
8726
8350
8498
8643
8360
8761
8952
9018
8394
8482
9510
8354
8566
8909
8369
8399
8956
8374
9194
8356
8391
9307
8375
8506
8381
8466
9241
8416
8475
9240
8378
8480
8823
8410
8392
8776
8393
8775
8437
8554
8709
8428
8439
8543
8442
8493
8443
8494
8525
8587
8622
8380
9203
9228
8397
9081
8420
8718
8833
8373
8480
8374
8479
8563
9196
9105
8593
8741
8494
8533
8595
8493
8534
8594
8521
9382
8571
8618
8988
8655
9472
8463
9421
8389
8450
8910
8390
8451
8911
8657
8883
8419
8470
8782
8418
8471
8783
8388
8479
8566
8824
9329
8672
9042
8673
9041
8648
8960
8574
8875
8573
8874
8463
8956
8414
8511
9099
8415
8512
9100
8463
9003
8399
8539
8617
8732
8415
8438
8477
9128
9286
8417
8448
9355
8409
8515
8779
8411
8861
9283
8410
8862
9284
8464
8647
9341
8465
8646
9342
8700
9397
8508
8551
9142
8777
9141
8430
8670
8856
8509
8551
9110
8726
8449
9036
9308
8607
8665
8606
8664
8804
8918
8447
8831
9465
8423
8800
9502
8848
9037
8665
9439
8664
9438
8429
8478
9275
8514
9151
8588
9018
9117
9121
8656
9293
8562
8651
9373
8561
8652
9372
8541
8638
8748
8442
8707
9171
8443
8708
9170
8440
8993
9226
8621
9356
8502
8639
8446
8603
8554
9103
8487
8528
9280
8933
8934
8535
8561
8564
8536
8562
8565
8515
8919
8965
8996
8559
8922
9425
9462
8459
9322
8460
9323
8592
9215
8467
8767
9084
8468
8768
9085
8529
8638
9013
8484
8568
8660
8478
8721
9021
8484
8943
8757
8792
8758
8793
8504
8600
8680
8472
8637
8750
8505
8863
8506
8864
8766
8796
8580
9124
8581
9123
8526
9176
9193
8580
9205
8581
9206
8996
9195
8527
8654
9376
8516
8552
9064
8888
9320
8522
8719
9012
9025
9428
9393
9392
8510
8834
8886
9160
9435
8572
8752
9346
8507
8505
8829
9010
8809
9483
9077
9277
8544
8764
8992
8545
8763
8991
8492
8615
9077
8610
8671
8798
8550
9461
8575
8576
8498
8538
8594
8757
8595
8758
8680
8502
8512
8669
8501
8511
8668
8773
8774
8592
8597
9173
8643
9385
9048
9049
8746
8882
8852
8919
8598
9516
8666
9484
8866
8865
8530
8898
9002
8542
8887
8596
8518
9019
8625
8977
9017
9087
9306
8555
8573
8576
8556
8574
8575
8560
8869
8979
9043
8690
8761
8797
8624
8743
9419
8631
9055
9349
9426
9070
9678
8831
9237
9062
9226
8871
8970
8546
8863
9048
8547
8864
9049
9312
9311
8863
9337
8864
9338
8542
8663
9002
8540
8589
8765
9081
8904
8952
9251
8703
8643
8688
9148
9179
9149
9180
9141
9201
9142
9202
8611
8960
9674
8612
8739
9675
8735
9399
9066
8959
9024
8600
8714
8926
8638
8577
9476
8578
9477
8559
8579
9354
8616
8948
9216
8607
8563
9325
9039
9038
9345
9046
9134
9047
9133
8889
8674
8872
8876
8671
9189
8591
8640
8927
8617
8711
9127
8675
9168
9056
9096
8934
8933
9326
9327
8775
9132
8776
9131
8581
9125
8827
8619
8657
9203
8599
8620
9507
8601
8619
8733
8602
8620
8734
8589
8957
9204
8590
9347
8596
8755
8742
8889
9297
9009
9088
8788
8711
8962
9045
9044
8817
8770
8923
9076
9175
8639
8801
8880
9067
9200
9068
9506
8605
8688
8606
8827
8898
8819
8977
8663
9192
8685
8893
8686
8892
8667
9264
8634
9680
8635
9681
8614
8944
9011
8654
9466
8728
9277
8731
9378
8623
9021
9176
8773
8774
9103
9175
8704
8986
8747
8830
9078
9497
8843
9401
8696
8877
8983
8695
8878
8982
8649
8739
8829
8723
8905
8724
8906
9053
9416
8788
8796
9417
8738
8825
9244
8648
8844
8649
8845
8749
9096
9258
8742
9063
8642
9294
8698
8857
9208
8650
8926
8716
8833
8873
8650
8805
9009
8648
8937
8649
8938
8880
9315
9314
8779
8789
9035
8945
8879
9224
8675
9172
8879
8676
9445
8677
9446
8661
9144
9370
8712
9348
8664
9173
8786
8809
8810
9368
8682
9316
8683
9317
8988
9402
8699
8696
8695
8712
8881
8729
9281
8730
9282
8679
8966
9415
8834
9054
9231
8687
8958
9034
9170
9262
9171
9261
8710
8854
9300
8768
8836
8767
8837
9032
9440
9358
8704
9015
9069
9003
9081
8729
8975
9050
8730
8976
9051
8694
8728
9399
8989
9424
8699
9361
9368
9083
9126
9189
9219
9331
8703
8846
8959
8713
9344
9410
9253
9347
8786
8978
9169
8717
8835
9398
8902
9261
8903
9262
8748
9092
8778
9331
8853
9212
8755
9058
8715
9385
8901
9104
8929
9200
9036
9320
8738
8842
8720
9028
8821
9008
9176
9496
8725
8746
9366
8790
9278
8791
9279
8868
8895
8928
8731
8920
9014
9379
8967
8830
9080
8807
9303
8808
9304
9117
9467
8760
8903
8759
8902
9225
8740
8944
9060
8745
9127
9287
9177
9237
8777
9090
9444
9034
9307
9189
8997
9207
9112
8927
9280
8805
8965
8887
8888
9418
8915
9306
8792
9232
8793
9233
9420
8762
8949
9150
9214
9213
8792
9388
8793
9387
8765
8881
9290
8930
9022
8931
9023
8853
8841
9003
9000
9001
8770
8939
9330
9270
8778
9197
9347
8794
8956
9080
9316
9317
9514
9297
9066
8823
8877
8980
8824
8878
8981
8784
9438
8785
9439
8930
9149
8931
9148
9218
8806
9043
9239
9270
8817
9247
8955
8963
8954
8964
9120
9166
8797
8841
9129
9215
8987
9144
8858
9070
9686
9400
9426
9174
9356
8972
9133
8973
9134
9105
9225
9305
9405
9262
9316
9261
9317
9234
8819
8901
8814
8870
9090
9221
9388
9220
9387
8849
8953
8850
9184
9405
8818
9050
9407
9058
8886
9054
9089
8838
8974
9243
8822
8987
8979
9143
9187
9186
9184
9300
8921
9075
9110
8832
8859
8899
8967
9060
9198
9088
9126
9163
9309
9218
8953
9343
9029
9030
9011
9060
8847
8995
9295
8890
9177
9465
9215
8850
8914
8852
9235
8937
9447
8938
9448
9002
9024
8999
9684
9431
9493
9093
9398
8856
9250
9503
9110
8962
8909
9244
8860
8952
9098
8858
8984
9031
9293
8867
9490
9410
9420
8884
9468
8885
9469
8875
8936
8874
8935
8876
9122
9324
9494
8950
9289
9429
9486
9161
9178
9156
9409
8941
9067
9099
9100
9212
9095
9094
9301
9231
9167
9155
9324
9236
9301
9201
9335
9202
9336
9509
9253
9151
9265
8998
9504
8895
9235
9401
8896
9107
8897
9106
8968
8993
9269
9412
8912
9022
8913
9023
9164
8924
9224
8942
9247
9248
9358
9391
9390
9091
9098
8912
9107
8913
9106
8916
9319
9373
8917
9318
9372
9297
9214
9213
8991
8992
8940
8985
9288
9395
9442
9394
9443
8941
9108
8977
8924
9227
9235
9269
8923
9192
9223
9472
8932
8969
8997
9059
9072
9242
9228
9340
9205
9206
8995
9487
8936
8935
9170
9171
9395
9394
9222
9223
9309
9508
9271
9035
9272
9153
9508
9449
9005
9172
9021
9082
9121
9151
9188
9273
9062
9159
9343
9515
9185
9218
9052
9181
9197
9430
9157
9336
9158
9335
9091
8961
9383
9065
8961
9307
8973
9026
8972
9027
9009
9190
9289
9159
9216
9513
9198
9485
8994
9138
9020
9028
9255
9279
9278
9010
9266
9114
9413
9113
9414
9097
9234
9239
9140
9191
9116
9139
9041
9186
9042
9187
8986
9069
8990
9505
9033
9135
9193
8990
9056
9350
9158
9157
9075
9071
9164
9006
8998
9362
9321
9037
9332
9022
9205
9023
9206
9008
9059
9079
9290
9498
9007
9037
9485
9502
9276
9357
9498
9020
9313
9251
9252
9074
9411
9138
9197
9313
9457
9089
9361
9420
9020
9488
9161
9061
9109
9046
9335
9047
9336
9359
9085
9259
9084
9260
9033
9051
9362
9386
9055
9207
9040
9086
9133
9134
9068
9230
9323
9322
9213
9214
9201
9202
9374
9281
9282
9331
9397
9115
9265
9413
9414
9379
9058
9345
9353
9371
9063
9092
9408
9356
9427
9454
9288
9306
9147
9271
9272
9071
9694
9083
9296
9302
9120
9246
9249
9378
9494
9076
9103
9078
9460
9294
9359
9249
9168
9333
9163
9491
9492
9310
9473
9255
9346
9280
9368
9217
9234
9458
9217
9273
9139
9140
9302
9098
9489
9443
9479
9688
9442
9478
9687
9264
9371
9108
9458
9152
9243
9290
9458
9453
9452
9116
9364
9329
9165
9182
9452
9183
9453
9437
9470
9159
9409
9125
9211
9126
9210
9501
9207
9129
9423
9165
9432
9462
9145
9146
9264
9276
9148
9286
9423
9149
9285
9422
9178
9183
9182
9436
9144
9369
9474
9475
9230
9516
9152
9430
9266
9154
9155
9245
9441
9162
9256
9469
9468
9166
9403
9427
9227
9411
9164
9470
9365
9168
9515
9185
9489
9376
9192
9175
9517
9351
9181
9284
9469
9283
9468
9339
9363
9364
9305
9325
9393
9392
9320
9398
9191
9363
9382
9400
9225
9244
9287
9330
9248
9353
9377
9246
9367
9482
9203
9222
9308
9210
9282
9211
9281
9389
9491
9492
9380
9226
9495
9300
9305
9271
9303
9272
9304
9287
9308
9450
9464
9245
9242
9348
9506
9322
9392
9323
9393
9242
9375
9465
9251
9256
9369
9350
9418
9351
9417
9498
9464
9349
9353
9377
9433
9679
9256
9408
9254
9288
9505
9352
9270
9321
9504
9277
9379
9445
9446
9266
9298
9429
9329
9315
9480
9314
9481
9412
9299
9301
9381
9450
9404
9467
9371
9285
9286
9444
9382
9311
9474
9312
9475
9376
9296
9384
9693
9360
9357
9486
9334
9406
9390
9391
9340
9343
9459
9326
9327
9488
9318
9319
9479
9478
9330
9411
9328
9477
9476
9344
9511
9431
9685
9459
9463
9422
9495
9341
9372
9342
9373
9396
9427
9441
9394
9395
9345
9406
9375
9496
9424
9419
9360
9406
9355
9499
9483
9374
9385
9360
9366
9487
9455
9456
9428
9437
9401
9426
9502
9370
9405
9436
9381
9482
9513
9381
9490
9440
9689
9386
9487
9671
9390
9391
9407
9501
9397
9457
9432
9402
9503
9404
9451
9428
9509
9409
9511
9512
9415
9416
9455
9456
9504
9505
9421
9510
9438
9439
9425
9432
9430
9673
9493
9672
9435
9460
9497
9451
9514
9496
9676
9508
9447
9448
9495
9492
9491
9682
9683
9466
9690
9490
9471
9455
9456
9457
9488
9515
9461
9471
9473
9470
9473
9472
9677
9471
9477
9476
9480
9481
9692
9691
9485
9484
9500
9514
9511
9503
9512
9510
9500
9501
9509
9507
9517
9513
9517
9523
9632
9566
9527
9540
9537
9541
9553
9557
9692
9575
9572
9579
9597
9626
9582
9640
9607
9598
9611
9620
9618
9635
9663
9691
9642
9676
9673
9678
)


// ************************************************************************* //
