/*--------------------------------*- C++ -*----------------------------------*\
| =========                 |                                                 |
| \\      /  F ield         | OpenFOAM: The Open Source CFD Toolbox           |
|  \\    /   O peration     | Version:  v1706                                 |
|   \\  /    A nd           | Web:      www.OpenFOAM.com                      |
|    \\/     M anipulation  |                                                 |
\*---------------------------------------------------------------------------*/
FoamFile
{
    version     2.0;
    format      ascii;
    class       labelList;
    note        "nPoints:5525  nCells:5388  nFaces:18881  nInternalFaces:7969";
    location    "constant/food/polyMesh";
    object      neighbour;
}
// * * * * * * * * * * * * * * * * * * * * * * * * * * * * * * * * * * * * * //


7969
(
28
5290
5291
5297
30
5293
5294
5329
5308
5310
5285
5326
5307
5318
40
5298
5300
5302
5297
5377
5312
5320
5313
5316
5289
5319
5301
5347
5311
5334
5286
5372
5287
5369
5294
5304
5303
5364
5330
5346
5323
5341
5295
5354
5309
5365
5302
5361
5292
5370
5306
5340
5288
5356
5342
5350
5319
5340
5382
5326
5321
5368
5339
5379
5311
5351
5327
5367
5338
5374
5317
5383
5310
5331
5355
5381
5337
5375
5347
5360
5371
5316
5333
5330
5375
5305
5376
5334
5354
5291
5336
5341
5374
5299
5318
5320
5344
5344
5348
5333
5349
5322
5346
5363
5378
5288
5350
5315
5384
5322
5373
5300
5366
5305
5378
5353
5381
5307
5385
5332
5360
5296
5385
5357
5362
5324
5356
5335
5353
5328
5386
5313
5386
5358
5387
5339
5359
5314
5325
5329
5367
5343
5345
5325
5368
5303
5323
5352
5362
5364
5369
5365
5379
5304
5308
5312
5351
5345
5372
5373
5377
5361
5371
5342
5384
5327
5366
5382
5383
5321
5380
5355
5376
5309
5363
5370
5387
91
1356
4342
140
2372
101
207
4975
96
2033
3106
97
2032
3105
100
1544
4728
337
1085
336
1086
117
3864
4059
118
3865
4060
1267
4659
551
5048
107
423
2449
104
1424
2048
957
3361
106
1201
2539
242
5209
151
5075
111
911
2113
112
912
2112
122
2877
3389
1170
3082
1169
3081
115
1574
3252
116
1575
3253
1590
3058
1589
3059
673
3745
672
3746
128
2607
5372
124
680
2449
129
2821
3051
283
4041
126
787
4861
1370
3336
127
3500
4866
1522
3416
2229
2247
1183
3028
966
3964
238
1041
2429
273
871
4354
142
3401
4418
134
2125
4825
942
4523
136
2076
4825
363
4337
165
620
2218
166
619
2217
157
2240
2281
1004
1481
149
493
2228
173
4984
147
457
3262
148
458
3263
359
1330
4690
158
371
3867
935
1195
856
1196
679
2610
155
462
1489
965
1083
153
3188
4532
1467
2488
203
1452
2718
1578
5117
699
1500
2567
1213
2491
226
5155
452
644
4523
163
793
2662
164
792
2663
366
1271
1506
527
2475
528
2476
2337
3332
2338
3331
227
544
1694
257
786
3914
645
831
872
224
889
2372
279
976
2155
200
1216
2121
235
3992
180
255
2210
178
1070
4978
646
1219
3054
291
468
2075
380
4201
265
963
1878
1910
2913
569
823
2739
570
824
2738
184
1263
2184
1098
4724
266
1189
2556
217
802
2160
221
289
4325
222
290
4324
195
413
416
196
412
417
192
342
2122
2084
3534
388
598
3031
379
820
3893
454
2148
455
2147
402
848
4393
403
849
4394
703
995
1991
2108
2299
202
234
362
908
1476
204
1499
1498
2947
332
883
3239
239
1398
2152
1068
1909
210
2262
4335
211
2261
4334
1843
4847
1844
4846
451
1763
3114
214
304
3957
330
4172
271
1705
5129
299
1220
4609
1388
3150
429
759
2956
587
918
1037
588
919
1038
652
2859
653
2858
297
3094
3266
225
256
522
2210
744
1450
791
2120
426
608
1939
246
1761
2539
231
1017
3521
2411
2804
245
1588
3384
240
2598
4038
242
737
1598
3065
553
999
4898
243
1973
4186
1501
4286
1742
2443
2862
3736
517
1661
3495
1761
1696
5069
482
688
3655
660
2011
2944
254
1774
2231
442
1320
4567
443
1321
4566
858
1149
3744
461
1960
3285
268
1224
5168
298
976
2138
1809
4448
256
5124
1950
2925
2930
667
1408
2685
812
1382
3820
333
1331
5237
267
748
3624
572
1129
4990
328
2161
2842
329
2162
2843
550
1854
1508
3112
272
5198
788
5042
430
1733
5318
431
1734
1876
2727
3543
1872
3651
513
4602
288
1136
5168
472
709
4670
397
1999
4661
575
1066
4227
280
2594
4510
2119
3858
2317
3041
523
567
744
707
836
1183
634
1548
400
1232
1678
399
1233
1679
287
1569
2926
1102
2301
1895
3596
436
2190
437
2191
388
5202
328
424
1059
329
425
1058
303
633
1223
338
1019
2048
493
1168
2931
964
2657
1882
2764
383
520
561
1658
1937
336
564
987
337
565
988
928
1702
2999
3898
306
3551
4511
894
1564
616
916
1716
615
917
1717
373
2167
4469
374
2168
4468
312
2061
3462
1081
1929
314
3572
4489
1069
1608
420
1670
1865
317
1224
2279
1841
5169
411
428
2064
475
690
4284
486
890
3462
323
2257
2303
324
2258
2304
1873
2420
1874
2419
521
990
4184
378
1234
3182
383
1602
4348
1075
1074
3490
4575
406
3488
4971
2823
3868
1192
3561
335
1891
3834
732
4288
357
358
3361
4705
672
790
1339
751
2190
3279
750
2191
3280
584
2573
439
2094
3375
573
817
4865
351
394
5135
418
3019
4711
381
1515
3804
382
1514
3803
350
3162
3419
377
2176
427
4664
1353
1520
1585
1354
1521
1584
861
868
949
862
869
950
449
1394
3545
2730
3189
2729
3190
3433
3454
361
842
1829
1480
1943
854
2551
1627
1742
365
1039
5163
838
4336
1941
2772
368
2479
2960
627
2536
393
491
2253
392
490
2255
1954
3366
576
1171
4839
2369
3368
2370
3369
734
1440
377
2492
2589
2043
3656
3818
1639
2308
1034
2170
2659
3396
2658
3395
3009
396
2552
5311
395
1478
2553
387
2565
4131
1692
4496
2142
535
852
1664
721
2105
3165
769
1871
3154
1764
4564
1765
4563
954
1121
1364
3425
1365
3426
1545
3728
1453
1718
3512
1009
1297
1010
1298
471
560
5089
654
2045
655
2044
405
1492
4985
1442
3664
785
3832
408
836
4076
1931
3980
412
2131
3158
413
2132
3159
3264
3722
3356
3357
415
599
4395
1659
2379
3705
4942
3706
4943
1200
2188
456
657
5186
1123
2072
488
1146
1514
489
1145
1515
680
3628
636
4400
635
4399
1694
4046
1101
3634
480
714
3861
4186
1336
1897
1335
1898
445
1900
2111
446
1899
2110
470
2059
2656
476
2134
2567
4707
5098
4706
5099
583
818
2398
2249
2626
733
1985
2997
580
661
4818
795
2658
796
2659
776
1099
2356
2515
4258
2514
4919
761
974
1178
453
2011
2021
768
1194
4883
5288
1193
4882
942
2868
1967
4459
1428
3933
1427
3932
3480
5013
459
1045
460
1046
687
1211
686
1210
940
3484
1065
2164
1434
1469
2913
659
874
981
495
1867
2336
467
1490
3775
1957
4360
3390
4386
1152
1867
4255
1472
2135
1429
4154
2660
5028
474
2418
2991
2413
3547
909
940
711
1213
492
1487
3072
668
1487
3342
767
1433
4407
1832
3403
482
515
1276
3722
506
1800
5296
507
646
1799
519
1681
2416
2019
2059
537
2035
4934
1227
2808
1229
2809
525
1230
524
1228
851
5292
494
728
2719
2137
4470
911
1106
2258
912
1105
2257
514
756
2062
579
2510
4397
578
2509
4398
504
1790
4119
505
1789
4120
1005
1786
1877
2923
3518
2924
3519
508
4778
509
4779
663
3609
664
3610
805
1531
2816
512
1858
2944
647
2539
657
1185
1724
4639
1682
2831
518
3220
3964
3342
3466
3416
3447
2008
2293
1668
4420
559
3227
1091
4404
980
4644
2438
2795
2439
2794
574
1165
3856
823
3763
824
3764
772
783
2400
1061
1090
4721
885
899
3730
886
900
3731
540
1518
4683
541
1519
4684
2003
2591
631
1863
2845
633
3026
686
689
3977
687
736
3974
815
3210
814
3211
545
678
1911
670
957
2851
4505
5251
710
2275
610
2383
4140
611
2382
4141
571
1199
1358
554
2391
4790
1020
5177
1006
3772
945
1418
4991
2986
3665
743
2917
1326
1556
4886
1324
1558
4887
1327
1557
4888
1325
1559
4889
989
3404
2501
4771
628
2479
563
876
2527
1902
3131
952
986
953
985
1144
1876
1735
2020
816
819
1044
1651
2614
1650
2612
2003
4565
1687
3185
1157
2071
1580
1989
907
3910
577
805
806
1186
918
2625
919
2624
4162
4674
1414
1684
1977
1415
1685
1978
1409
4913
2179
4170
586
945
2055
1551
2054
681
4473
682
4472
590
2722
5240
2582
3171
822
1808
2454
593
597
2294
1319
1374
612
1970
3119
603
1283
4207
1362
1892
3484
1562
2635
1815
5179
600
2824
875
1908
625
1405
3047
626
1404
3046
864
3862
910
1084
1175
662
1223
5150
1054
1118
1524
679
2412
2415
609
1351
791
1117
3463
4079
3464
4080
1691
3421
1227
1293
1326
1229
1294
1324
1228
1327
1230
1325
701
1516
1746
642
2804
2980
629
4134
630
4133
1141
1706
1904
887
1250
3538
624
2399
3066
830
2881
2432
3732
2433
3733
628
1875
2655
696
1542
697
1543
4101
4669
640
939
3492
1464
2106
4622
654
1821
655
1822
777
2058
4476
1100
2037
2066
818
1052
1819
2793
4010
720
3792
3793
733
666
2422
4252
3225
3392
990
2399
3360
702
2468
649
1402
4168
1143
4312
725
1383
1510
902
1184
3271
751
3196
750
3195
2198
2199
711
2034
2225
1157
1502
1748
2288
738
4977
1015
2473
1024
1634
738
4963
1222
3053
1221
3054
669
3300
3868
2081
2558
1052
1054
4626
5285
3249
4066
769
1360
784
1534
3696
4676
4677
5295
675
2133
3783
2445
3389
1037
1109
3085
1038
1110
3084
1595
4822
2107
2891
1036
1058
1035
1059
1102
1570
1965
780
2760
3362
1114
1775
3616
4414
3457
3256
4730
856
4862
1314
3516
782
2149
3250
1049
1423
4560
1050
1422
4561
696
3945
4292
697
3944
4293
1971
1972
871
1212
2446
4386
5226
991
1810
2283
1968
4551
1201
1741
1148
2578
779
1785
2454
716
2748
3006
717
2749
3007
4016
4083
732
1689
5259
2541
4742
1509
2964
1500
718
1539
2920
719
1540
2921
833
3723
729
2492
4592
3079
5266
3078
5265
1883
4458
1884
4457
3421
4029
3120
4116
723
1371
1611
763
4056
725
1686
4905
1331
740
4126
4606
741
4125
4607
1001
2601
1942
2176
731
2400
3851
2009
2951
749
1051
2726
1104
1484
2522
935
4697
739
854
4246
1655
1825
2611
3803
2613
3804
1062
2308
2863
2231
2260
5164
746
1247
4871
1317
2801
1000
1533
2236
2650
5005
771
3906
4430
4429
804
2645
3376
791
1251
1279
1237
1248
2094
1238
1249
2645
789
2309
761
1222
4090
762
1221
4091
1130
2948
915
1435
3498
4306
1743
4307
764
3776
1530
1975
1383
2038
2949
819
2071
5199
800
2377
1021
1393
3583
1103
1493
4495
2595
5088
2511
4219
774
1328
3503
2728
4449
921
2810
2883
1527
3846
2169
4036
942
1041
3611
892
4266
3443
3478
1262
1458
3676
991
2259
2341
2505
997
1849
1203
2480
3018
4042
2306
2619
828
1895
860
2964
1898
3008
2612
5035
2614
5034
1622
1893
906
3395
905
3396
1846
2068
3754
799
1260
3313
3428
4789
1179
1606
802
1377
1860
3090
863
1631
5092
2579
2627
4790
2309
2816
808
2647
3342
2070
3494
1676
1812
1349
1582
3917
1348
1583
3916
2292
4642
855
2188
5165
878
1205
877
1206
828
1894
1185
1536
5381
2241
872
2521
922
2390
3191
897
3147
2794
2795
1288
1536
2339
1987
2480
5294
850
1913
4952
5200
834
4088
4227
831
2214
3893
1305
1645
4013
1312
2740
1102
3910
1039
1436
1653
2050
838
1451
3979
1067
840
2706
2765
1488
1882
845
1760
2844
1017
4550
959
1256
3471
960
1257
3472
2950
3129
847
2300
4477
3843
4799
993
994
1816
3265
1264
3888
853
2491
981
4246
3180
2563
5145
2141
962
3291
4667
1302
3473
936
1917
4438
1048
2527
3323
5043
3324
5044
1355
3909
1301
5222
1002
2549
3214
1003
2550
3213
1197
1838
3379
3998
4233
3997
4234
909
1960
2558
2323
989
992
1837
4069
1337
1350
1944
3880
1177
2327
879
3460
880
3461
4367
4946
4368
4945
2092
2310
3657
1013
2538
3588
2040
5070
907
4157
5215
3382
4199
3383
4200
3074
4146
891
3869
4698
1004
2089
1082
4262
935
3370
897
1910
1407
1532
3889
1292
1439
1111
1135
2599
1112
1134
2600
1469
1042
3493
4921
2757
3605
2758
3606
925
1072
4102
2414
3042
1589
1946
5057
1590
1947
5058
3099
3308
3100
3309
2883
2211
2807
2693
937
2694
1708
1707
931
1071
3140
1541
1740
4274
948
4549
1445
4889
1446
4888
2085
2086
1434
1480
4897
922
1496
4033
1225
4617
4856
1200
1386
4086
3789
4181
933
973
3990
971
2331
3152
3479
4963
1684
1830
3375
1685
1831
3376
932
3909
1490
2990
2675
5006
1167
1692
2477
2471
4777
2817
3224
939
1961
4096
1093
4521
1078
3133
4025
1079
3172
1080
3173
3983
1255
1801
4273
1143
1861
3313
1388
3090
1232
1674
1233
1675
1273
1851
1981
1112
1586
1111
1587
1122
3333
956
3116
3273
2750
4735
3836
1181
1482
1669
1790
4000
1789
3999
1087
1875
3473
2584
3185
2708
4859
970
4631
1055
3628
2205
3220
1218
2354
3418
985
2636
4815
986
2637
4816
983
4154
3111
3188
973
1301
2361
5216
1757
2848
1198
1657
3467
977
3558
4549
979
3226
3415
1890
4745
2040
5069
2240
1011
1329
5015
1284
3711
1271
3120
3682
1135
1134
1086
2077
1085
2078
2508
3403
5368
1188
4143
1063
3636
1064
3635
998
3641
997
1823
2005
1998
3702
4392
1889
4798
1117
1351
1016
1168
4158
4271
4159
4272
3971
4638
1241
5009
1618
1754
3438
1619
1755
3439
1529
2651
1528
2652
2741
3925
1094
2000
4254
2936
4738
1656
1732
2025
4843
3837
4630
3787
1019
1872
2888
3344
1265
5007
3899
1025
1533
2080
1024
1886
3107
4610
1026
5014
1351
2697
1032
3190
4141
1033
3189
4140
1145
2827
3213
1146
2828
3214
1131
1838
4237
1613
4281
1612
4282
2401
2830
1075
3650
1074
3649
2625
2624
3979
1234
2646
5236
1441
2773
4729
1749
1803
2017
2139
4179
1299
3380
1300
3381
1275
2593
4106
2275
3131
1765
1764
1384
4422
4223
1359
1463
2628
1840
1285
1470
1235
2791
4466
1236
2790
4465
2085
2086
1639
2428
4275
3185
3958
4594
5093
1752
1751
1310
2056
1425
2810
1775
2365
2681
4870
1792
2458
4073
4734
1355
3459
1156
1544
1347
1737
4404
2634
2633
1077
1758
4927
2041
2592
2948
3861
2044
2199
2045
2198
1082
3057
4620
1927
4750
1390
3329
2525
2526
1149
4376
1089
2690
4302
1642
2490
3700
4405
2089
3197
1577
1963
2330
1128
2837
3497
4565
1107
3364
3864
1108
3365
3865
1517
1747
2897
4704
1100
2005
3617
2109
3822
3319
3844
1272
3604
2811
3217
2812
3216
1805
2052
1804
2051
4250
4601
4249
4600
4149
4150
1342
1809
2260
1140
1451
1126
4028
4480
1127
4027
4479
2857
1380
2823
1120
2750
3546
1402
1861
1207
3166
1839
2140
1124
1740
2534
3338
1701
2028
4464
2103
2734
2104
2735
2779
3248
3397
4405
2802
3562
2358
5310
1133
1357
3001
2292
4569
1286
1287
4556
5050
1138
2248
3049
3482
4585
1942
2444
4142
1693
4124
1640
4982
1358
2567
5131
2879
1366
3352
3121
3122
1148
1541
3950
2073
4279
1554
2352
4646
1555
2353
4645
2760
4117
1160
1267
4558
1485
2634
3840
1486
2633
3839
3506
5254
5185
1159
1214
3538
3766
4826
1628
5193
1863
2007
2350
1163
1509
5080
1595
4648
1478
2517
4547
4557
1322
1706
2172
1562
3111
1254
3643
3969
3644
3970
4085
4092
1180
2866
3982
1333
1521
1995
1334
1520
1996
2469
4283
1473
1920
3766
3418
3791
1182
2554
1180
4144
2047
2546
3138
2555
2657
3083
1683
4763
1212
2062
4840
1660
2837
1189
5238
2563
1719
3290
3986
1720
3289
3987
3055
4492
1195
4653
1196
4654
3370
3299
1604
5308
4069
4908
3497
5212
4817
1202
2184
5217
1204
1701
2481
3892
2096
3208
2095
3209
2931
3762
1210
3381
4205
1211
3380
4206
1923
1924
1288
3033
1828
1842
1677
2309
2527
1217
1938
1753
4304
2326
3466
3866
3522
5252
1723
1231
3026
5149
1781
2536
1525
2396
3569
4053
4054
4051
4052
1757
3241
4235
4236
4178
1709
2788
1710
2787
4389
4946
4390
4945
1295
1795
2600
1296
1796
2599
1242
4891
2681
4259
1833
2110
2459
1834
2111
2460
1780
2861
3091
1460
2008
3953
3330
4147
1847
4367
1848
4368
1828
3246
1332
5178
1258
3106
5062
1259
3105
5061
3167
5030
2722
4330
1396
3438
1395
3439
1621
3944
1620
3945
1771
1922
1499
2073
2578
3765
2959
4948
1342
1727
1266
4892
2708
4260
4102
1379
1969
1997
1392
1548
3314
1357
3329
3710
1318
2062
2623
1274
2163
3366
4349
3811
4369
1280
3740
1446
1699
4071
1445
1700
4072
2857
3186
2740
3723
1335
2994
4175
1336
2993
4176
1820
4940
2867
4584
1609
1824
1795
4683
1796
4684
2115
1403
3062
4123
1830
1899
2459
1831
1900
2460
3180
3870
2658
4553
2659
4552
2262
4481
2261
4482
1307
4236
1308
4235
2617
4335
2616
4334
5181
3693
4237
1318
3178
4657
1360
2053
3835
1432
2595
4070
4573
5305
1787
5101
1788
5102
1635
1984
2331
1402
1489
1313
2595
4012
3066
4153
1570
2212
2287
2332
1316
3561
4467
2571
3474
3786
4516
2772
3115
4800
2389
2833
2388
2834
2137
4499
1669
2855
3139
3553
3554
3555
3556
1329
1816
2977
3548
4869
4467
1815
2120
3442
4474
3441
4475
2051
2052
2139
5228
2350
4836
5300
3316
1345
1721
3269
1346
1722
3268
5036
1567
2088
3947
1568
2087
3948
2420
2519
2419
2518
2756
4798
1712
2359
1713
2360
2240
2322
2004
2232
4036
4475
5026
4474
5027
3743
1357
4568
1664
1384
1440
2436
1576
2482
4339
3285
4193
1503
2431
4097
2504
3184
2503
3183
1739
1799
1738
1800
5307
1375
2029
2273
1376
2030
2272
4209
4974
3510
3685
1572
1647
4017
1374
2295
3578
3511
1430
1772
1431
1773
1378
3314
2119
3718
2355
3580
2020
2040
1494
3854
4204
2430
4435
1970
1855
1631
2622
3156
1769
5064
1489
2140
5118
1389
3640
3681
1624
2817
1468
1681
2707
2877
3718
2274
3112
3113
3347
1804
4175
1805
4176
1424
2371
4731
1571
2684
1666
2884
3252
1667
2885
3253
1474
2288
3243
1887
2995
1420
3092
1421
3093
1680
2705
3822
2367
2744
1495
1524
2943
4210
1488
1778
4726
1432
3653
4801
1441
2435
2570
1594
2227
4066
3348
3895
2887
3896
1430
1586
2077
1431
1587
2078
2506
4219
2013
2065
4966
2752
2988
2751
2989
2674
2846
2673
2847
3212
1426
2364
3265
4952
1430
2285
1431
2284
2867
4381
3906
3982
4695
2756
2983
3558
1625
4555
1599
2963
3225
1484
2256
2664
1553
2551
3141
3637
2456
2690
1455
2290
4542
1456
2291
4543
5010
5011
1448
2263
2542
2347
3119
1450
4210
5154
1735
4674
2417
2580
1854
3578
2343
3951
5302
2016
2702
2015
2703
2242
2996
2175
3715
1502
1786
3243
2719
3306
1751
2805
2892
1752
2806
2893
2902
3720
1759
4357
1483
2344
3588
1736
2896
3110
1814
3304
2897
2959
3077
1516
2126
2742
2818
3882
3175
3659
2665
3296
2498
4328
1526
3421
3614
4947
5209
1630
2203
3571
2177
2302
3014
4550
1624
3329
2471
2832
2362
2378
3564
1697
4718
1698
4717
3466
3440
1491
1756
4361
4302
4810
4452
4660
4212
5024
2797
4491
1497
4809
2912
3504
2473
4926
1865
2075
2125
5258
4185
3473
4237
1520
2663
3679
1521
2662
3680
3236
5229
1934
3030
3228
1837
3499
3838
3788
5237
1580
2448
4728
1783
2359
3559
1784
2360
3560
4126
4125
3627
1866
4244
1795
3936
1796
3937
3949
3964
1524
3683
4931
3255
4434
3027
3119
2066
5309
2374
2486
2373
2487
2276
3510
1779
2391
3662
4353
3525
1823
2434
2130
2226
4496
2774
1721
2219
2683
1722
2220
2682
1542
4139
1543
4138
2072
1971
1972
5253
2069
2835
1728
3393
4021
1548
3478
3585
2128
2814
2129
2813
1726
4018
1591
3678
3744
2091
4593
2680
3984
2679
3985
4686
4687
4688
4689
1568
1574
3886
1567
1575
3885
3115
1564
2180
3274
1834
1566
1654
5037
2213
3862
1589
1590
2499
3251
3251
1753
1940
1573
1935
1931
2975
2884
2885
3198
3972
1709
3275
3025
3029
1643
2630
3793
4659
2200
4382
5303
1919
2345
1918
2346
2209
2766
2208
2767
2914
2915
2145
3821
4755
4796
1638
3968
4067
1908
2455
3057
3315
3786
3371
1615
2842
4538
1616
2843
4537
2881
3663
3154
3339
1617
1983
4762
1881
2856
2968
2545
2621
1617
4226
4314
3761
5304
1682
3393
4021
2305
2854
1608
2181
3298
1833
1811
1927
1611
1866
4055
1813
1620
4238
1621
4239
1628
1975
2348
1698
3825
1697
3824
4016
2940
3193
2939
3192
4292
4293
1703
4008
2117
3069
4504
3971
3907
5163
1741
2171
2566
1672
1994
2276
1786
1955
2232
2097
4254
4623
2114
4222
4337
1637
1896
4709
2043
3419
3188
4461
1782
1980
3638
2053
4605
3276
4066
2863
3408
4822
1691
2949
4274
1956
2166
3319
4501
1725
1986
3212
2377
4406
1885
1935
4794
1661
3941
1745
2618
3810
1725
1901
2938
1662
2532
1663
2531
1926
2583
2639
4163
5074
1785
2130
2101
2579
3301
4241
2221
4928
3549
4329
1944
2571
1961
4244
2326
4006
5206
4007
5208
2134
1928
1933
2400
3602
4718
3603
4717
1759
2495
4356
2413
3417
2230
2653
2862
2277
3501
2478
2733
4478
4591
4998
4590
4999
2026
3405
2816
3791
2374
4618
2373
4619
3634
3775
1776
4797
2412
2783
2320
2321
2038
3411
2584
4316
2006
2116
3814
2576
5314
2397
2488
3304
4029
3261
4675
4956
5250
1702
4211
4438
3330
4871
2268
2269
1719
4108
1720
4107
3488
4357
1868
3184
1869
3183
5312
1780
4909
3816
2192
3442
2193
3441
2731
2430
2725
1914
2297
3590
1873
2314
1874
2315
1923
1967
3717
1924
1968
3716
2794
3124
2795
3123
1878
3116
2427
2426
1773
1772
1966
4924
2691
3661
3638
3983
4100
2123
2260
2908
3747
3038
3093
4600
3039
3092
4601
1732
3882
5246
3444
1738
2709
1739
2710
2943
3330
4186
2210
2913
4995
4996
2949
4723
2114
2713
4924
2097
3497
4432
1937
2655
4925
4961
1813
2380
3708
3785
2572
1770
4029
4274
2443
4854
4896
4853
4895
3140
3842
2992
1888
3533
4934
2169
2656
1825
2324
2387
4354
2880
1797
3047
4821
1798
3046
4820
2278
2727
2495
4609
3950
5054
2979
4641
2914
2915
1969
3579
2772
3385
3749
2615
3163
4396
4443
3591
3791
3202
2146
2960
3658
4383
2524
4841
2523
4842
4444
1952
5234
1953
5233
3698
3699
1930
1984
2065
3871
3874
2087
2752
3807
2088
2751
3806
4483
4652
4484
4651
4650
5385
2803
4318
2423
2441
3003
3130
4878
2939
2940
1807
2935
4656
3785
4185
2012
2799
5358
2576
5259
3871
5239
2906
5067
2761
3111
3115
3343
2741
1835
3712
5022
1836
3713
5023
1840
2943
2295
4805
2085
4393
2086
4394
2356
2216
2249
2021
1827
4155
5289
3829
4164
2784
2298
2937
2626
2627
2064
3515
3874
3870
4445
4942
4446
4943
3467
4097
3166
4863
2020
4142
4981
3076
4663
2098
2617
2099
2616
1950
2366
2957
4084
4092
3375
3573
3376
3574
1850
1932
2185
3697
1954
4019
2118
3244
4019
2368
2721
4679
4806
2629
2835
1905
2018
4220
1906
2017
4221
3687
3978
1860
2047
2160
3714
1922
1930
2246
4728
3374
2037
4070
5378
1907
1961
4280
2463
2504
2464
2503
1979
2879
3086
2852
3427
3841
4065
4064
2431
3008
2004
3312
2979
1883
2235
3988
1884
2234
3989
2024
4768
1951
2900
2442
2172
3816
2325
2769
2406
2972
1896
4442
1890
2540
2189
4164
5290
3035
4916
3011
5031
1895
2822
4322
4059
5299
4060
1977
1978
1980
2650
3940
4526
1916
2324
3770
3205
4912
1918
4879
1919
4878
2413
2417
2194
2507
3076
4267
3408
5001
1923
3782
4414
3503
4809
1915
2154
3060
3737
3528
4725
2545
4211
2314
2315
2582
4596
3768
3913
5291
2750
2022
1964
3406
3604
1956
2245
3233
2185
2511
2455
4656
5253
3576
1933
3529
1945
3517
4025
4525
1937
3229
3550
2334
3237
1940
2697
4045
2365
4358
3282
4769
5095
4313
2163
3633
2568
4269
2569
4270
1995
2192
2475
1996
2193
2476
2638
3073
3246
1958
3022
1959
3023
4828
2061
2564
3557
2970
3088
3472
4234
3471
4233
3266
1982
2790
3667
2791
3668
4303
5232
2602
4012
3242
4691
4681
4682
4174
2542
1992
1993
2956
4644
2074
2502
4154
1976
2265
3777
4918
4257
3277
3313
2641
2118
3633
2725
3584
4083
4155
2031
2204
3767
2583
4731
3761
3830
1989
2282
2565
3920
2141
3299
5324
3934
4308
4290
4463
4291
4462
2334
2443
2662
2663
2434
4215
2118
3529
3552
5271
2001
3552
2670
5270
2572
4524
2605
4380
3244
3822
4583
3548
3671
4332
2341
3228
2048
3509
3841
3782
2424
3450
3227
3404
2215
4229
4315
3961
4484
3960
4483
3994
3993
5306
2135
4421
3127
3457
4925
2580
2826
2987
2049
3153
4772
2427
4128
2426
4127
5313
3456
4833
3268
5020
3269
5021
2039
4966
4189
5061
4190
5062
3033
4640
2778
3019
2780
2968
4359
2296
2534
4340
4460
2754
4850
2472
3349
4307
2544
2047
3362
4145
3055
3060
2792
2967
4060
4059
2127
3564
5040
2522
5203
3546
5235
2216
2838
3874
2059
3462
2101
2839
3870
4476
2064
2266
4181
5254
5363
3336
3391
4183
2789
3295
2768
4539
2792
5196
4795
2073
3625
4631
3310
2125
5084
3932
3933
2100
2963
5261
4534
5082
2554
3199
2591
2605
2698
2298
3351
4769
2406
4014
5058
5057
3535
2954
3032
3398
2229
2807
3972
4535
2860
2978
5162
4712
3716
4832
3717
4831
4023
2103
4062
2104
4061
3490
4067
3180
2909
2912
4954
4571
4570
4301
3205
4982
2329
4369
2263
2437
3108
3333
2181
2180
2811
5264
2812
5263
2153
2930
4372
3087
3218
4649
5080
4533
2910
2264
3904
2581
4094
3072
3283
2165
3232
4222
2249
4712
2570
4708
2462
3620
2461
3621
4011
2147
2201
2148
2202
2333
4264
2491
4972
2300
4026
4917
3931
3245
5016
2822
4168
4559
3337
4428
2670
2878
4673
2145
2473
3934
4309
3088
4360
2285
2284
2499
4471
2466
3824
4540
2467
3825
4541
2153
3541
4455
2335
4009
2764
3483
2369
2585
2864
2370
2586
2865
2161
3423
4158
2162
3424
4159
2866
4538
4537
3851
4402
5012
3894
4516
2183
5086
2223
2870
2224
2871
4415
3075
4732
2468
3542
2976
2175
3137
4691
2241
3817
4721
4668
4907
3215
2179
2248
4100
4094
4260
4259
2520
3887
4635
2622
4529
4723
4298
2758
3192
3413
2757
3193
3414
4424
2289
3134
2651
2652
3081
3082
2649
2991
2225
3187
4958
2281
2322
3817
2200
2992
3109
3507
3508
4333
2208
2746
2209
2745
2873
3358
2205
5083
3064
2207
3595
5081
3514
4733
2604
2603
2247
3231
2283
5088
4207
4923
3080
3726
4173
4801
3871
2716
3536
2717
3537
2385
4149
2386
4150
2222
3162
3420
5074
2677
4034
2678
4035
3310
3261
4923
2451
2759
2719
3646
5257
3569
4005
4032
4476
2347
2815
3027
2238
2409
2239
2410
2237
2351
3219
3482
3513
4283
3302
4284
4179
3071
3676
2257
2408
3144
2258
2407
3145
2490
4851
2331
2448
3201
2882
3015
3447
2728
3772
5008
2547
4053
4054
2548
4051
4052
2623
2744
4408
5321
2483
2484
2264
2286
2266
4050
3789
2296
3769
5146
3648
4603
3647
4604
2311
3797
5026
2312
3796
5027
2284
2596
2285
2597
3260
3499
5126
3004
2968
5084
2485
4317
3282
5087
2281
3032
3592
3297
3856
3250
2347
3311
3394
4521
2987
4404
4798
2352
4652
2353
4651
4980
3306
3422
2295
4245
3617
3055
3561
4087
2825
4493
4760
2313
4597
3794
3891
3217
4217
3216
4218
4118
4173
3453
3890
2308
2932
4248
3818
3881
3690
5020
3691
5021
4088
4747
4217
4218
2431
3599
3613
2416
3748
2320
3101
3895
2321
3102
3896
3573
3574
4179
2324
3770
3897
4488
2327
3940
2329
2412
2753
2530
2332
3828
4527
2877
4456
3501
2362
4177
3540
4694
2723
4310
2724
4311
2925
3170
3328
3780
4447
2969
2401
2773
3523
2350
3374
2396
4177
4411
4937
4410
4938
3789
4102
2425
2998
4063
3030
3812
3118
3117
3072
5071
2356
3846
3128
3132
3351
3750
5331
4065
4064
2720
5171
3590
2364
3146
4089
4227
4336
5125
5183
2664
3062
2928
3399
4075
4074
3836
4562
2638
2375
2376
2921
4138
2920
4139
2854
2379
2936
3474
3631
2481
3432
5329
2636
3207
2637
3206
2387
4443
4447
2392
2599
2393
2600
4725
2503
3099
2504
3100
3982
4696
3283
2483
2683
2484
2682
3103
3463
4135
3104
3464
4136
2922
4876
5025
4180
5355
4153
4073
2611
4034
5280
2613
4035
5281
2405
3311
5250
3904
4046
3451
2419
3690
2420
3691
2421
3755
2422
3756
2686
2799
2415
3645
3646
4332
3709
3709
3785
2694
3050
2693
3224
3973
2425
2894
3452
3669
3670
3893
3976
2543
3637
2732
3334
3449
3335
3448
4216
2436
3582
3583
3788
4744
2738
4563
2739
4564
2470
4500
5093
2472
2713
3155
3513
4069
4907
2446
4372
3784
2535
3802
4873
2820
2450
2942
5076
3392
3894
2453
3385
3749
3913
5033
3452
2935
2457
3727
4727
5085
3171
5239
2838
2839
3213
3292
3214
3293
2833
5031
2834
5032
2533
3197
3535
4468
5207
4469
5205
3687
2747
3710
3303
4864
2878
4371
2507
3234
3498
5172
5173
3152
3431
4330
4936
3842
2481
4811
4845
4841
4842
3544
4300
3280
4311
3279
4310
2489
2671
3760
2754
3780
3084
3885
3947
3085
3886
3948
4261
2745
2766
3334
2746
2767
3335
4901
4572
2906
3044
3601
2502
4597
4747
2506
3921
4530
4975
2521
4391
2528
2893
2529
2892
4494
2513
3873
4419
3000
3946
3203
4671
3204
4754
3271
4763
5322
2715
2966
2523
4064
2524
4065
3179
3296
2932
3406
2682
2683
4242
4445
4243
4446
2632
2703
2631
2702
2593
4057
2688
4214
2689
4213
3973
4665
3410
2619
3949
4376
3181
3254
3444
3182
4178
2699
3665
4781
4807
3788
2598
4285
3107
3221
2546
2620
2808
4378
2809
4379
3423
3527
3424
3526
2807
2700
3741
2701
3742
4306
2558
3266
2557
2563
3113
5017
3236
3682
2988
3158
3807
2989
3159
3806
2644
2860
3353
4185
4656
3431
3845
4098
2574
3059
2575
3058
5078
4992
3994
2609
4427
3695
3712
3694
3713
5325
3064
3151
3767
2947
3127
3708
2972
4910
2803
3918
4130
2870
4373
2871
4374
2798
3343
3805
3198
3255
4587
2590
4447
3221
4443
4247
2704
3929
5143
3912
5297
2603
5021
2604
5020
2874
3306
4384
3910
5215
5027
5026
4672
2607
4155
5286
4083
2692
3238
4194
3187
5201
3021
4369
5205
5206
5207
5208
2905
4321
2735
2734
4988
5130
5141
2621
3883
2836
3860
4639
2631
2632
2838
2839
2629
3068
2768
3844
4450
3960
3961
2842
2843
3261
4761
2729
2730
4341
3002
3638
3505
3594
2642
4167
3550
4294
3454
4869
5327
3378
4454
4784
5110
5244
4626
5293
3011
3043
3752
3547
3880
4294
5101
5102
2654
4441
2874
4708
3613
4387
3711
2661
4989
2977
5015
2995
3179
3538
2928
3670
3986
2929
3669
3987
2669
3855
4873
3875
4171
4692
2899
3469
2945
3061
4256
2679
4894
2680
4893
4197
5138
2836
3009
3367
4964
5152
4965
5153
4213
4214
3298
4514
4951
4223
5335
3450
4401
2718
2826
3684
2739
4893
2738
4894
5086
2964
3838
2945
4340
4284
4283
2711
3644
5263
2712
3643
5264
4951
3479
5274
3294
3415
2714
3618
2715
3619
4485
4486
4811
4933
3935
4583
3528
4726
3194
3422
3274
2993
4297
2994
4296
2928
4679
2929
4680
3903
4677
5334
4676
3945
5061
3944
5062
5242
2957
4341
4608
4736
3012
3279
3013
3280
3820
3322
3091
4722
4141
4140
3496
4780
2785
2887
3827
4273
3262
3263
3199
3323
3629
3200
3324
3630
3853
2782
2773
4073
2744
3661
4639
3159
3158
3513
4132
3059
3531
3058
3530
4112
4113
4647
4755
3929
2804
2997
4401
4898
3364
3365
3225
3276
4145
2981
3685
3117
3340
3900
3118
3341
3901
2765
3483
3149
3148
4848
3440
3575
3125
3301
3597
3010
3427
4156
3318
4865
3176
3289
4072
3177
3290
4071
2778
4556
4812
4711
3254
3363
4286
5258
2946
3035
3146
2946
3939
2796
4764
2984
3245
2787
3896
2788
3496
3895
4191
4192
2941
4899
3674
3675
3083
4921
5132
4647
4880
3873
5332
3031
3445
3787
2917
3754
4032
3239
3315
2951
4349
3296
3901
4485
3900
4486
2828
2827
4953
4043
4044
2827
4379
2828
4378
3704
4574
3973
3181
3493
3001
3584
3710
3152
3920
3223
3532
5284
3300
3057
3581
3153
3237
4230
3157
4340
4391
2831
4020
3655
2853
4356
5066
5065
3729
3677
3363
2926
4597
4771
2953
3946
4202
4387
4979
3240
3671
3984
3985
3711
4513
2858
3602
4603
2859
3603
4604
2852
3361
3010
2878
5270
4801
3800
4741
3237
3501
3219
4749
4748
3595
4944
3955
4500
3286
4701
3287
4700
3191
4634
3154
3611
2880
4305
4967
4968
3156
4275
4633
4023
4453
5078
3962
4214
4646
3963
4213
4645
4808
3370
3726
3850
4170
4696
3840
3839
2927
4735
5235
4436
2889
3651
3164
3345
2950
3891
4415
3849
4208
3635
3636
2895
3222
3875
4852
3070
3861
3385
2899
3024
3238
5276
3302
3859
2907
4388
4691
3141
3143
3086
3938
4678
3688
4030
5342
3689
4031
3903
4924
3954
5275
3640
3915
2911
3343
4506
4950
4033
4150
4149
3489
3981
4229
4370
2962
3070
3790
2958
3409
4129
4114
4115
2982
4002
4297
4775
4296
4776
4578
4572
3272
5025
5328
3779
3021
4137
2934
3024
3061
3087
5056
2991
4395
3521
5137
3509
3624
3365
3364
3697
4224
3391
4904
4791
4137
3265
3934
3517
5073
3517
3005
3344
4867
3951
5361
4015
4640
2956
3867
5164
5181
3346
3545
3052
4361
3015
3359
3632
3045
3541
3276
2971
4471
4512
3316
3494
3576
3063
3228
3634
4664
4572
4874
4423
3502
3522
3034
4381
5089
2976
3930
3931
3692
4336
4454
3116
3307
3521
3632
4860
3182
3588
2984
3234
5016
3004
3453
5141
5096
5127
4901
3335
3334
3303
3598
4513
3699
3698
3819
3128
5128
5083
4131
4852
3000
4962
4202
3820
3557
4383
3226
4665
5193
4705
5105
3012
3326
3013
3325
5252
4705
4429
4430
3125
5073
4409
3518
3798
3808
3519
3799
3809
3372
4621
4261
3021
3762
3811
3439
4231
3438
4232
3025
5012
4093
4685
5197
5345
3815
5056
3525
3390
3033
3563
4949
3939
3043
5157
3044
5159
3047
4483
3046
4484
3186
4416
5178
3042
3270
4331
3110
4455
3050
3349
4251
3446
3922
4371
3876
4830
3231
4947
3241
5287
3242
3566
3577
3743
4768
3238
4548
3812
3921
3220
3066
3853
3068
3642
4848
4040
4353
4629
3133
3666
3715
3074
4187
4188
3747
4020
3234
3147
4550
3252
3387
3253
3388
3976
4727
5175
5176
5197
4472
4473
3500
4256
3089
3848
4855
4533
4113
4112
3285
3878
3160
4713
4886
3135
4715
4888
3161
4714
4887
3136
4716
4889
3426
3425
3103
4103
3104
4104
4929
4930
3189
3190
3575
3815
5117
3327
5364
4147
3113
3163
4543
4542
4490
4125
4272
4126
4271
3764
4071
3763
4072
3539
3884
4784
4993
5072
4627
3926
4770
5127
4528
3197
4745
5011
5051
5010
5052
3281
3765
3139
3883
3565
3568
3412
4117
4280
3384
3821
3442
3796
3441
3797
4915
3787
3448
3679
3449
3680
3191
3639
3447
4492
4515
5192
5092
3404
4966
5018
5066
5019
5065
4908
4884
3240
3247
3682
3167
4863
3449
3738
3923
3448
3739
3924
3317
4579
4596
3293
3620
3292
3621
3175
4351
4387
4976
3763
5172
3764
5173
3616
4110
4146
3248
5351
3215
4699
3534
4373
4374
3201
3354
3387
5265
3388
5266
3657
5046
3349
5047
3231
3570
4658
4259
4891
4260
4892
3585
3210
4816
3211
4815
3773
3937
3774
3936
3460
3461
3509
4008
3434
3435
4497
4594
4699
4396
3223
3450
3876
4371
3903
3506
3230
5004
3810
4793
4487
4824
4736
5240
3314
3478
3714
4364
4872
4890
3327
3281
4638
3617
3246
4719
4833
3492
3968
4545
3251
4182
4002
3264
5090
3308
3382
4509
3309
3383
4508
3305
3348
4918
4068
5039
4653
4654
4050
3390
3567
5148
3690
3691
3271
4148
3273
4876
3512
4849
3278
4527
5243
5268
4780
4807
3866
5195
5071
3459
3568
3852
4895
5256
4896
5255
3533
4005
4441
3969
3970
3317
3958
3526
3527
3715
4668
3696
4216
4131
4171
4844
5356
3683
3516
3908
4800
4742
4781
5137
4740
4739
5201
4574
4752
3868
4676
3318
3959
3320
3703
4431
3379
3599
4097
3759
4228
3808
3809
3331
3530
3332
3531
5369
4354
4602
4362
4363
5118
5129
3813
5179
3417
3795
3427
5261
3985
3984
3345
4890
3347
5282
5017
3496
3386
3750
5337
4650
3594
3377
3422
3393
4932
5063
4270
4857
4269
4858
4451
4799
3416
4860
4650
3714
3562
5277
3586
3825
3587
3824
3372
4577
4823
3397
3451
4014
4099
4384
4866
5278
3831
5219
5218
3475
3476
3678
4507
3602
3603
3589
4212
4487
3429
4693
5106
5107
3398
4320
4877
3760
4402
5025
3402
4347
4339
4985
4153
4877
5079
3408
3816
5000
5262
3411
3795
4313
4173
4765
4200
4967
4199
4968
4388
3547
3591
3420
4163
4400
4399
3476
3475
4511
5268
5015
5100
3596
4093
5150
3920
3455
5367
3456
3892
3436
4044
3437
4043
4221
4786
4220
4785
4187
3942
4255
4772
3567
4453
4100
4530
4123
4444
3510
3455
3892
4719
3458
3952
3975
3577
3463
3464
3470
3486
5105
3468
3491
4928
4194
4532
3490
5273
3998
3997
3590
3730
3731
3914
4049
4578
4710
3481
4602
3781
4868
5094
3991
3485
4299
4522
4544
4867
3488
4900
5112
4314
4762
5029
5227
3493
3495
4017
3681
5227
5243
4004
4295
3504
4722
3514
3965
4184
3526
4399
3527
4400
3512
4875
4068
4181
4184
3828
3607
3608
4122
4219
4494
4375
3655
4729
3525
4025
5082
4152
3633
3694
3695
4401
5083
5151
4957
3971
4189
4362
4190
4363
3565
4228
3593
3980
4514
3845
4612
3544
4183
4204
4735
4836
3550
3852
4789
4849
4433
4051
4052
4053
4054
4576
5016
3916
4061
3917
4062
3867
4382
5323
3819
4741
4383
4576
4022
4329
3612
4698
4941
4437
4452
4826
4844
4135
4136
4396
4017
3658
4805
3580
4001
4517
4620
5115
3583
3611
4132
3942
3647
4075
3648
4074
3779
4372
5071
3700
4320
4076
4226
3595
5284
4240
5072
3775
3935
3701
5052
5190
5333
5051
5189
4840
3745
3864
3746
3865
3609
4775
3610
4776
4090
4091
3955
4177
5130
3615
3792
4477
4760
3826
3741
3745
3742
3746
3672
4462
5060
3673
4463
5059
3841
3626
4613
4193
4916
3628
4961
3798
4306
3799
4307
3632
4409
4397
4398
5078
3640
4033
3642
4039
3703
3987
3986
3646
3953
4748
4749
3734
4473
3735
4472
3652
4554
4833
4229
4289
3846
4517
5365
3657
4002
4167
3660
3966
4972
5139
3662
4629
3664
4984
3727
3666
5128
4515
5060
4766
5059
5386
4877
4690
3674
3996
3675
3995
5220
5221
3884
3693
5035
5034
3911
4546
5241
3890
3687
3977
4081
4410
4625
4411
4624
4449
5028
3750
5023
5022
3697
4175
4176
3817
3833
5130
3703
4501
3757
4505
3712
4269
3713
4270
3872
4559
5301
3709
4206
4205
4456
3926
4526
4794
3721
4040
3821
5121
3723
4074
4324
4700
4075
4325
4701
3727
3729
4355
3800
3741
3742
3738
4821
3739
4820
3840
3886
3839
3885
3737
4009
4037
4007
4006
3823
4797
4623
4058
3967
3749
3912
5019
5188
5344
5018
5187
3754
4174
4215
4580
5003
4581
5002
3758
4685
4026
4506
4422
4741
5276
3831
5136
3943
4489
3778
5033
4019
4827
3784
4655
4662
5139
5114
4205
5218
4206
5219
3777
4906
4960
5283
5336
4042
3781
4592
4791
3784
4151
3894
4534
4829
4450
5054
4752
3880
4474
4475
4090
4091
4422
3845
4757
4920
3855
4547
5108
5109
4917
4950
4858
4857
4119
4120
4900
4024
5094
4416
5122
3815
5056
5213
4423
3853
3992
3827
4124
4111
4766
3834
4762
3831
3832
3833
4971
3981
3836
4605
3938
4384
4628
4329
3844
4451
3848
4664
5135
4365
3952
4961
4767
5122
4349
4167
4116
4300
3856
3887
4268
4611
4265
4456
4766
5191
4632
5085
3863
5038
5183
3943
4305
4941
4082
5133
5360
3876
3990
4569
4980
4193
4631
4836
4869
5366
4003
5161
4734
3884
4318
5036
5370
4316
4548
4861
4881
4188
5119
3902
5248
3965
4068
4099
4203
4304
4147
4338
4516
4288
5029
5081
3909
5091
3915
4975
3913
4577
5048
4570
4571
3919
4851
4323
4731
3922
5094
5034
5208
5035
5206
4299
5100
5126
3928
4121
4773
5283
5352
4302
3931
3980
4243
4242
4864
4481
4482
4866
4299
3941
4525
4912
5371
4249
4250
4830
4392
4203
4925
4331
4655
5166
4009
3957
4350
4545
4746
3959
4720
4600
4601
4007
4821
4006
4820
3967
4976
5275
4350
5175
5176
4347
3975
4326
4208
4633
3978
4319
4162
4289
4530
4114
4581
4115
4580
5171
4152
4265
4253
4785
5340
4786
4290
4636
4291
4637
3999
4000
4120
4119
4448
5339
5166
5231
4609
5064
4434
4095
4906
4063
4444
4013
5214
4015
4957
4076
4094
4910
4021
4023
5077
4365
5136
4950
4030
4412
4031
4413
4885
4884
4174
4469
4468
5174
4038
4359
4285
4308
5120
5120
4042
4622
4047
4048
4046
4304
4782
5103
4783
5104
4649
4666
5134
4056
4096
4095
4058
4755
5144
4846
4847
4496
4172
5182
4160
4282
4758
4161
4281
4759
4282
4929
4281
4930
4082
4862
4612
4085
4899
4303
4129
5224
5137
4089
4614
4370
4556
4096
4773
5211
5249
4544
5249
4192
4758
4191
4759
4106
4365
4855
4787
4127
5010
4128
5011
4130
4316
4353
4111
5223
4703
4249
4250
4618
4619
4922
4118
4144
5211
5362
4518
4991
4990
4426
5068
5067
5282
4504
4515
4138
4310
4139
4311
4367
4368
4391
4143
5210
4145
5119
4510
5373
4152
4264
5105
5273
4407
4695
4165
4166
4238
4277
4239
4276
4163
5319
4541
4615
4540
4616
4169
4403
4863
5123
4852
4350
5245
4287
5376
4772
4204
4188
4446
4445
4465
4466
4460
4196
4670
5225
4891
5009
4198
4753
4892
5007
4509
4508
4351
4732
4203
4245
4209
4327
5180
4348
5272
4216
4220
4221
4338
5353
4225
4298
4518
5232
4589
4901
4853
5234
4854
5233
4235
4236
4636
4637
4241
4993
5246
4942
4943
4761
4247
5274
4256
4594
5003
5047
5002
5046
4417
5063
4433
4470
4258
4436
4987
4934
4263
5204
4421
5244
4265
4267
5037
5124
4819
4956
4606
4607
4426
4911
4465
5220
4466
5221
4279
4617
4788
5144
4694
4286
4573
4913
4289
4292
4293
5004
5262
4996
4995
4494
4301
4317
4839
4425
4309
5121
4403
4808
4992
4315
4765
4802
4414
4791
4405
4627
4323
4850
4562
4749
4748
4327
5116
4702
4638
4737
4332
4584
4634
4970
4969
4824
4455
4810
4342
5170
4688
5156
4686
5157
4689
5158
4687
5159
4536
4420
4979
4524
4608
4356
5271
4420
4454
5229
4768
4361
5023
5022
5278
4385
4730
5090
4790
4895
4896
5277
4617
4843
5241
4752
4881
4914
4914
4921
4959
5148
4668
4551
4682
4459
4681
5055
4398
4397
5115
5235
5030
4407
5214
4471
5380
4412
4413
4570
4571
5174
4767
4418
5045
4536
4491
4962
5110
5040
4817
5017
4944
4802
4428
5123
5202
5266
5265
4539
4848
5077
5212
4437
4955
4436
4986
4660
4710
4502
4739
5152
4503
4740
5153
4442
4709
5359
5160
4477
4452
4582
4462
5192
4463
5191
4784
4461
4532
4554
5112
4905
4499
4595
4703
4654
4883
4653
4882
4969
4970
4542
4543
4523
4611
4635
4596
4657
4922
4931
4493
4744
4539
4661
4498
5093
4583
4864
4912
4911
5055
4508
4964
4509
4965
4666
4506
4531
5375
5377
4593
4973
5338
4584
4829
5379
5079
4599
4782
5382
4524
4598
4783
4522
5100
4526
4693
4534
5082
4576
4623
4796
4880
4549
4536
5161
4540
4541
4575
4546
4586
5142
4990
4712
4566
4887
4567
4886
5198
4928
5074
4558
5194
4659
4862
4563
4894
4564
4893
4605
4692
5065
5066
4569
5170
5267
5251
5248
4648
4579
4667
4590
4591
4799
4917
4699
4767
4746
4931
4845
4955
4814
4949
4973
4694
4765
4619
4618
5195
5269
4904
4935
4608
4804
4803
5383
4718
4717
4615
4616
4611
4818
4756
4614
4747
4915
5205
5207
5204
4622
4983
4627
4937
4938
5384
5326
4629
5080
4678
5030
4633
4727
4914
5119
5221
5220
4958
4789
4859
4643
4986
4753
5138
5164
4651
4652
4796
4649
5231
5223
4909
5116
4661
5111
5236
4826
4870
4745
4667
4867
4890
4671
4743
4673
4692
4777
4675
4819
5354
4808
4804
4803
5317
4831
4832
4816
4815
4760
4713
4715
4714
4716
4719
4989
4696
4698
5116
4706
4707
4909
4974
5260
5033
5113
4903
4902
4709
4777
5165
5187
5188
5189
5190
4721
4795
4954
4724
4774
4726
4730
4976
5029
5039
5247
4737
4751
4834
5115
5106
5107
4743
4919
5237
4962
4751
5075
4936
4754
4987
4757
5133
5298
4929
4930
4923
4764
5346
4770
5096
4874
4774
5113
4778
4779
4995
4996
4781
4785
4786
4788
5143
4856
4793
5005
5198
5112
5000
4865
5063
4875
4956
5103
5104
4806
4939
4989
4953
4811
4813
5050
5097
5165
4874
5089
5282
4819
4823
4983
4825
4828
5279
5155
5014
4873
4945
4946
5204
5245
4868
5087
5195
4903
5099
5233
4902
5098
5234
4840
4846
4847
4926
4870
4933
4859
4851
5256
5255
4856
5058
5057
4861
5013
4872
5070
4876
4937
4938
5315
5330
5174
4884
4885
5350
4898
5095
5232
4988
5256
5255
5272
4992
5132
4908
5040
5091
5180
4916
4919
5211
5357
5024
5242
4933
5151
5045
5166
4936
5076
4940
5177
5222
4944
4948
5217
5341
5014
4953
5114
5151
4958
4960
5132
5134
5274
4967
4968
5219
5218
4988
5111
5374
5129
5150
5228
4979
4994
5138
4997
5210
4983
4985
4987
5203
4994
5247
5049
5097
5002
5043
5003
5044
5001
5126
5005
5007
5167
5009
5160
5276
5053
5031
5032
5184
5225
5320
5387
5038
5125
5227
5042
5053
5186
5200
5046
5047
5161
5114
5050
5169
5067
5068
5149
5055
5191
5192
5224
5316
5070
5073
5076
5140
5203
5162
5258
5086
5149
5259
5134
5092
5096
5145
5101
5102
5264
5263
5108
5109
5280
5281
5111
5283
5118
5121
5123
5125
5128
5212
5226
5347
5136
5275
5148
5226
5142
5194
5144
5238
5182
5279
5180
5230
5267
5280
5281
5155
5230
5188
5348
5187
5190
5349
5189
5225
5163
5177
5216
5169
5171
5175
5176
5179
5183
5267
5223
5260
5186
5199
5194
5197
5343
5200
5202
5217
5238
5231
5236
5215
5222
5262
5284
5278
5279
5240
5242
5257
5245
5247
5249
5251
5277
5254
5269
5272
5273
5269
5271
5292
5289
5296
5314
5343
5299
5357
5324
5315
5328
5337
5335
5352
5380
5359
)


// ************************************************************************* //
