/*--------------------------------*- C++ -*----------------------------------*\
| =========                 |                                                 |
| \\      /  F ield         | OpenFOAM: The Open Source CFD Toolbox           |
|  \\    /   O peration     | Version:  v1706                                 |
|   \\  /    A nd           | Web:      www.OpenFOAM.com                      |
|    \\/     M anipulation  |                                                 |
\*---------------------------------------------------------------------------*/
FoamFile
{
    version     2.0;
    format      ascii;
    class       labelList;
    note        "nPoints:1915  nCells:1723  nFaces:6113  nInternalFaces:2475";
    location    "constant/steel/polyMesh";
    object      neighbour;
}
// * * * * * * * * * * * * * * * * * * * * * * * * * * * * * * * * * * * * * //


2475
(
1697
1710
1695
1707
1700
1706
1689
1697
1690
1719
1701
1704
1693
1720
1691
1718
1699
1709
1692
1713
1700
1702
1711
1721
1696
1717
1708
1722
1703
1715
1691
1692
1707
1717
1698
1701
1710
1713
1702
1705
1694
1714
1720
1721
1704
1706
1709
1718
1719
1722
1695
1715
1712
1716
28
544
629
261
1666
124
1078
1668
163
542
1247
84
97
496
85
98
495
86
99
494
87
100
501
36
88
101
89
102
90
103
499
91
104
498
92
105
493
41
93
106
94
107
140
859
1439
44
324
843
132
1356
287
326
1596
399
707
1632
50
372
1165
138
567
584
137
416
1344
78
393
131
1345
1695
169
888
1013
359
444
540
150
170
1659
155
171
1660
156
172
1661
108
404
796
113
413
791
111
405
793
109
406
792
110
407
794
112
408
795
115
412
799
114
409
797
164
168
1665
67
651
1596
162
1189
152
209
1638
153
210
1637
151
211
1636
154
208
1639
158
212
1635
157
213
1634
160
207
1640
505
509
165
439
1650
122
564
1009
506
709
142
260
591
118
508
1685
790
1546
1691
337
586
710
263
402
661
381
1385
382
1386
383
1387
385
1390
386
1392
387
1392
388
1393
389
1389
384
1388
390
1394
391
1394
237
419
870
176
1012
604
1094
603
1092
600
1093
201
612
200
610
609
1096
608
1097
607
1098
597
1095
596
1102
595
1099
535
720
532
713
531
715
533
714
530
721
534
722
539
719
538
718
133
537
717
134
536
716
287
863
465
551
724
430
789
1608
450
706
1017
376
843
166
373
629
429
589
288
790
1692
215
519
203
286
772
166
263
866
379
723
1336
287
1189
1678
856
1644
442
927
331
1447
332
1448
445
570
930
148
202
879
1693
1690
458
663
882
926
1717
520
727
885
870
1439
147
1672
1673
159
642
1011
361
396
454
162
447
842
540
1051
174
786
427
1163
1652
297
294
295
296
293
298
300
299
302
301
292
568
587
625
711
590
1551
569
1184
711
842
366
205
326
1418
774
1437
1703
576
1177
577
1178
580
1179
394
459
776
443
652
325
414
877
661
1511
214
264
390
216
265
391
217
266
384
218
267
1041
220
268
383
221
269
1040
222
270
1038
223
271
382
224
272
1039
219
274
381
225
273
1037
226
275
1042
229
279
1046
228
276
387
232
278
1045
231
277
388
230
280
386
234
281
1044
233
282
385
236
283
377
227
284
389
235
285
1043
371
776
1157
410
808
411
807
996
1243
398
785
398
566
1254
462
1586
368
656
705
571
1120
572
1117
573
1114
574
1116
575
1115
578
1118
579
1119
239
726
424
1252
240
730
241
731
242
734
245
735
243
738
244
739
249
746
248
744
247
743
246
741
259
766
250
765
252
759
257
762
253
754
254
760
255
755
251
763
256
758
258
769
423
770
262
1698
419
586
649
466
659
469
685
470
688
480
686
472
690
482
689
471
694
481
695
483
693
473
691
484
692
474
696
477
701
475
702
476
699
478
703
485
698
486
697
487
700
488
704
489
687
649
1478
329
1067
449
1420
641
1029
1263
1029
1264
1023
1265
1023
1266
1022
1267
1022
1268
1021
1271
1021
1270
1019
1274
1020
1273
1020
1269
1019
1272
1026
1277
1027
1278
1027
1279
1025
1280
1026
1276
1028
1281
1025
1275
1028
1282
1024
1283
1024
1284
862
1605
490
883
568
583
1188
657
1134
648
652
552
569
554
571
555
572
557
574
556
575
558
573
559
576
560
577
563
578
561
580
562
579
655
659
665
686
669
689
666
692
667
690
668
691
671
688
672
694
670
693
673
695
677
697
678
700
675
687
679
698
681
699
683
701
682
702
680
703
684
704
674
685
676
696
564
1428
427
1633
1664
622
642
852
433
913
441
512
594
1140
1699
798
1468
800
1467
617
775
1145
361
529
541
726
728
729
730
504
570
731
732
733
734
735
742
737
738
739
740
736
741
743
749
746
747
744
745
750
770
751
758
748
766
753
754
752
763
755
757
759
761
756
760
762
764
765
767
768
769
843
1182
1210
790
1423
626
786
724
619
641
1154
425
712
1436
439
467
1174
507
627
1190
400
815
591
838
1554
997
456
479
515
860
924
1018
1081
1567
581
873
647
1429
447
463
644
376
453
855
588
400
662
664
877
1167
1143
516
632
1421
831
830
829
828
835
834
833
836
832
826
827
899
920
1451
1495
621
1706
434
1134
1671
620
1620
923
931
1674
437
1151
402
660
1053
1187
423
452
710
1453
1440
1514
1441
1515
1442
1516
1443
1517
1444
1518
1445
1519
1447
1521
1448
1520
1446
1522
1449
1523
771
1100
582
994
1206
631
1623
527
627
1206
512
513
777
1420
461
1246
1435
521
1050
1544
626
1167
1510
777
1526
785
1674
467
991
1564
787
592
1335
1550
490
1190
1399
1665
454
1412
1416
458
460
932
439
1552
1247
1630
520
723
1675
438
991
1067
440
995
1150
1666
869
1209
448
450
551
1089
1056
1470
883
1642
452
1250
654
919
930
1191
1067
1557
1081
1701
644
628
1206
1383
1338
1456
1549
1669
858
878
1434
650
889
566
1285
1677
1176
545
1085
491
1048
1316
1667
1668
1688
1249
1557
508
653
773
518
529
1481
1568
1249
844
872
1136
1497
1571
1498
1572
1500
1574
1499
1573
1501
1575
1502
1576
1504
1579
1506
1578
1505
1580
1503
1577
919
1624
1104
1486
1108
1485
1105
1484
1107
1482
1106
1483
1111
1490
1110
1489
1112
1488
1113
1491
1109
1487
783
1143
497
792
1307
791
1309
793
1308
794
1306
795
1305
796
1304
797
1310
798
1312
800
1311
1653
799
1313
594
643
1251
711
995
1151
646
1374
844
1122
879
1056
783
1710
916
922
1569
514
521
1400
1136
1148
1479
544
624
567
1049
867
1138
1404
1702
522
623
1361
888
1050
938
1543
954
1013
803
924
873
936
1358
861
871
1551
591
865
1253
650
867
1358
1438
1697
1154
1164
1300
1037
1108
1038
1106
1039
1107
1040
1105
1041
1104
1042
1109
1044
1110
1045
1111
1046
1112
1043
1113
1144
1180
1669
1133
1671
881
1016
1053
647
845
924
856
859
865
876
1211
1602
874
1240
1603
875
1215
1604
1158
1173
1558
1184
1354
1162
1175
1120
1353
1117
1352
1115
1350
1116
1351
876
1114
874
1177
1178
1347
1179
1348
1119
1349
875
1118
838
837
864
1162
1382
1597
869
1548
1287
1358
784
1321
862
1663
1172
916
1121
1321
1087
1144
1457
1402
1560
863
1121
1334
1434
1402
1629
705
706
918
951
596
912
914
598
905
791
1132
606
796
1123
601
904
793
1126
603
794
1124
903
605
902
795
1127
792
1125
616
906
615
907
610
910
1130
612
799
1129
1131
614
800
911
909
1683
798
908
797
1128
1186
1411
708
868
1527
866
1052
927
1152
1081
1704
624
1526
1474
1582
1260
1672
1243
784
1139
1438
778
772
1494
1555
993
1667
921
1705
1030
1060
1114
1032
1058
1115
1031
1059
1116
1033
1061
1117
1034
1063
1118
1035
1062
1119
1036
1064
1120
1087
1157
1374
1012
1348
880
890
986
1254
1285
882
1548
1582
933
1192
710
1239
995
1185
990
1628
1186
1250
933
1194
917
1527
840
1600
880
1370
1458
952
1257
1677
1510
1318
1559
723
1143
1286
939
1228
940
1219
940
1221
941
1222
942
1223
941
1220
943
1224
942
1225
943
1226
939
1227
944
1229
944
1230
946
1232
945
1231
948
1233
947
1237
948
1234
945
1236
946
1235
947
1238
955
958
960
957
966
964
965
970
969
961
963
973
979
975
977
974
983
982
978
985
868
1170
953
1016
1010
1678
782
802
1161
1256
804
816
806
819
805
818
807
822
808
823
809
821
811
824
812
817
810
820
813
825
927
951
1290
1709
952
1336
1553
956
1263
956
1264
955
957
959
1265
959
1266
958
961
962
1273
967
1267
964
966
967
1268
963
962
1269
969
965
968
1270
970
968
1271
971
1272
971
1274
972
1282
972
1281
981
1275
980
1276
977
975
976
1278
976
1279
979
982
978
980
1277
974
983
981
1280
973
960
984
1283
984
1284
985
988
1433
1531
1248
917
1658
884
1399
919
1585
1319
1686
1168
1562
1177
1363
1610
1178
1365
1611
1179
1364
1612
928
1525
1713
1471
1156
990
1100
1145
1245
1339
936
1014
1184
1366
1615
826
901
1404
1421
830
891
829
892
831
893
835
834
833
895
828
894
836
896
832
897
827
898
1256
1341
929
1429
1001
1538
1007
1536
1000
1535
999
1537
1002
1534
1003
1540
1005
1542
1004
1541
1006
1539
998
1533
1568
1571
1572
1573
1575
1574
1576
1579
1578
1580
1577
1103
1595
1428
1258
1355
1398
871
878
1008
1249
1086
1404
1700
1299
1357
1064
1195
1594
1061
1197
1590
1059
1198
1589
1060
1200
1587
1058
1199
1588
1153
1593
1062
1203
1592
1063
1204
1591
878
1560
1413
1088
1359
1340
1425
1707
1085
1301
1411
1529
1260
1664
923
1415
1439
1168
1255
1170
1054
926
1434
1425
1647
1101
1660
1661
1659
1584
1165
1082
1169
1682
1675
1078
1183
889
992
1153
1429
1473
1052
1103
1317
1656
954
951
1288
1092
1442
1093
1443
1094
1441
1095
1444
1096
1446
1097
1445
1098
1440
1099
1449
1057
1412
1361
1396
1102
1451
1465
1588
1464
1587
1463
1589
1461
1590
1240
1462
1242
1466
1468
1592
1473
1593
1469
1591
1241
1467
1460
1594
1090
1622
1244
1459
934
1474
1628
997
1513
1147
1427
934
1208
1346
1135
989
1628
1696
1056
1470
1473
1559
1627
1084
1475
987
1301
1083
954
1561
1624
1239
1338
1430
1456
997
1251
1316
1379
1320
1424
1405
1682
1170
1191
1047
1176
1381
1320
1321
1557
1014
1239
1181
1657
1320
1424
1314
1645
1104
1486
1105
1484
1106
1483
1107
1482
1108
1485
1112
1488
1111
1490
1110
1489
1113
1491
1109
1487
1410
1456
1549
1679
1189
1191
1252
1526
1373
1303
1426
1336
1631
1209
1479
1513
1361
1396
1384
1385
1386
1387
1388
1389
1390
1392
1393
1391
1394
1211
1324
1212
1325
1213
1323
1214
1326
1215
1330
1216
1328
1217
1331
1305
1306
1307
1308
1309
1304
1310
1311
1312
1313
1157
1319
1141
1303
1641
1300
1423
1670
1509
1188
1185
1457
1082
1288
1563
1416
1636
1637
1638
1639
1634
1635
1640
1152
1613
1625
1359
1383
1195
1449
1460
1196
1440
1462
1197
1444
1461
1198
1443
1463
1199
1441
1465
1200
1442
1464
1201
1445
1466
1202
1448
1467
1203
1447
1468
1204
1446
1469
1688
1205
1451
1459
1089
1413
1654
1676
1369
1552
1319
1160
1340
1567
1606
1422
1476
1166
1335
1346
1464
1463
1465
1461
1469
1466
1462
1460
1585
1495
1608
1459
1528
1471
1136
1514
1602
1212
1517
1211
1516
1213
1515
1214
1518
1519
1603
1215
1522
1216
1521
1520
1604
1217
1523
1472
1556
1362
1162
1245
1435
1433
1585
1193
1359
1452
1684
1301
1396
1163
1378
1529
1375
1529
1167
1337
1584
1258
1261
1556
1256
1436
1570
1595
1650
1356
1582
1373
1290
1546
1655
1248
1680
1289
1432
1299
1346
1550
1569
1614
1680
1630
1377
1509
1314
1299
1401
1317
1257
1565
1258
1395
1427
1289
1400
1397
1524
1475
1552
1377
1528
1374
1496
1524
1452
1646
1356
1409
1631
1643
1566
1649
1382
1663
1209
1471
1194
1470
1606
1694
1481
1331
1322
1363
1326
1325
1323
1324
1327
1365
1329
1364
1328
1330
1342
1366
1208
1712
1716
1369
1402
1455
1291
1292
1293
1295
1297
1286
1398
1221
1483
1222
1482
1499
1501
1225
1484
1226
1498
1500
1485
1228
1497
1486
1230
1487
1502
1236
1488
1235
1489
1234
1490
1506
1505
1504
1238
1503
1491
1363
1296
1364
1294
1365
1337
1298
1366
1246
1403
1378
1599
1430
1684
1413
1422
1333
1360
1433
1530
1472
1477
1555
1472
1302
1458
1581
1264
1266
1268
1273
1271
1274
1280
1277
1279
1282
1284
1380
1633
1314
1360
1655
1718
1351
1587
1350
1589
1352
1588
1347
1592
1349
1591
1348
1593
1353
1590
1354
1594
1547
1614
1626
1708
1384
1385
1386
1384
1387
1388
1389
1391
1393
1390
1436
1480
1657
1648
1391
1653
1406
1514
1515
1516
1517
1518
1407
1519
1521
1408
1520
1522
1523
1530
1532
1480
1425
1647
1569
1645
1376
1492
1598
1508
1492
1607
1419
1495
1493
1496
1512
1437
1715
1634
1635
1637
1638
1636
1639
1640
1507
1616
1507
1618
1687
1477
1372
1409
1609
1530
1565
1599
1626
1416
1493
1455
1617
1586
1662
1545
1549
1551
1403
1458
1532
1510
1511
1605
1424
1609
1613
1496
1621
1643
1432
1617
1629
1581
1601
1619
1602
1610
1603
1611
1604
1612
1613
1430
1649
1649
1620
1583
1601
1570
1651
1565
1583
1566
1662
1608
1615
1567
1474
1428
1546
1553
1643
1625
1435
1512
1544
1681
1689
1476
1601
1711
1478
1545
1548
1561
1627
1629
1662
1651
1619
1671
1554
1686
1674
1525
1669
1673
1676
1533
1534
1535
1537
1538
1536
1539
1540
1542
1541
1550
1560
1528
1667
1543
1547
1568
1658
1584
1687
1677
1571
1572
1573
1576
1574
1575
1577
1579
1578
1580
1686
1547
1679
1631
1679
1672
1647
1654
1656
1683
1675
1648
1666
1670
1673
1570
1651
1596
1598
1682
1642
1648
1641
1719
1607
1676
1630
1652
1663
1714
1614
1616
1659
1660
1661
1665
1618
1618
1632
1625
1633
1652
1632
1650
1646
1720
1627
1680
1722
1688
1654
1681
1687
1721
1683
1670
1681
1684
1685
1668
1685
1694
1698
1711
1708
1712
)


// ************************************************************************* //
