/*--------------------------------*- C++ -*----------------------------------*\
| =========                 |                                                 |
| \\      /  F ield         | OpenFOAM: The Open Source CFD Toolbox           |
|  \\    /   O peration     | Version:  v1706                                 |
|   \\  /    A nd           | Web:      www.OpenFOAM.com                      |
|    \\/     M anipulation  |                                                 |
\*---------------------------------------------------------------------------*/
FoamFile
{
    version     2.0;
    format      ascii;
    class       vectorField;
    location    "constant/steel/polyMesh";
    object      points;
}
// * * * * * * * * * * * * * * * * * * * * * * * * * * * * * * * * * * * * * //


1915
(
(0 -0.327 0)
(0.08991434 -0.327 -0.0039257449)
(0.08991434 -0.105 -0.0039257449)
(0.08991434 0.145 -0.0039257449)
(0.08991434 0.327 -0.0039257449)
(0 0.327 0)
(0 -0.105 0)
(0.04495717 -0.105 -0.0019628724)
(0.049952411 -0.105 -0.0021809694)
(0.049952411 0.145 -0.0021809694)
(0 0.145 0)
(0.08991434 -0.327 0.0039257449)
(0.08991434 -0.105 0.0039257449)
(0.08991434 0.145 0.0039257449)
(0.08991434 0.327 0.0039257449)
(0.049952411 0.145 0.0021809694)
(0.049952411 -0.105 0.0021809694)
(0.04495717 -0.105 0.0019628724)
(0.04495717 -0.327 -0.0019628724)
(0.08991434 -0.28155967 -0.0039257449)
(0.08991434 -0.24356014 -0.0039257449)
(0.08991434 -0.21178299 -0.0039257449)
(0.08991434 -0.18520931 -0.0039257449)
(0.08991434 -0.16298705 -0.0039257449)
(0.08991434 -0.14440367 -0.0039257449)
(0.08991434 -0.12886329 -0.0039257449)
(0.08991434 -0.11586763 -0.0039257449)
(0.08991434 -0.095 -0.0039257449)
(0.08991434 -0.085 -0.0039257449)
(0.08991434 -0.075 -0.0039257449)
(0.08991434 -0.065 -0.0039257449)
(0.08991434 -0.055 -0.0039257449)
(0.08991434 -0.045 -0.0039257449)
(0.08991434 -0.035 -0.0039257449)
(0.08991434 -0.025 -0.0039257449)
(0.08991434 -0.015 -0.0039257449)
(0.08991434 -0.005 -0.0039257449)
(0.08991434 0.005 -0.0039257449)
(0.08991434 0.015 -0.0039257449)
(0.08991434 0.025 -0.0039257449)
(0.08991434 0.035 -0.0039257449)
(0.08991434 0.045 -0.0039257449)
(0.08991434 0.055 -0.0039257449)
(0.08991434 0.065 -0.0039257449)
(0.08991434 0.075 -0.0039257449)
(0.08991434 0.085 -0.0039257449)
(0.08991434 0.095 -0.0039257449)
(0.08991434 0.105 -0.0039257449)
(0.08991434 0.115 -0.0039257449)
(0.08991434 0.125 -0.0039257449)
(0.08991434 0.135 -0.0039257449)
(0.08991434 0.15513943 -0.0039257449)
(0.08991434 0.16753837 -0.0039257449)
(0.08991434 0.18270035 -0.0039257449)
(0.08991434 0.20124109 -0.0039257449)
(0.08991434 0.22391354 -0.0039257449)
(0.08991434 0.25163842 -0.0039257449)
(0.08991434 0.28554164 -0.0039257449)
(0.04495717 0.327 -0.0019628724)
(0 0.28467596 0)
(0 0.25170224 0)
(0 0.22601315 0)
(0 0.20599934 0)
(0 0.19040703 0)
(0 0.17825941 0)
(0 0.16879546 0)
(0 0.16142232 0)
(0 0.15567806 0)
(0 0.15120284 0)
(0 0.14771629 0)
(0 -0.10721404 0)
(0 -0.10995803 0)
(0 -0.1133588 0)
(0 -0.11757357 0)
(0 -0.12279716 0)
(0 -0.12927106 0)
(0 -0.13729452 0)
(0 -0.14723844 0)
(0 -0.1595625 0)
(0 -0.17483639 0)
(0 -0.19376618 0)
(0 -0.21722691 0)
(0 -0.24630311 0)
(0 -0.28233887 0)
(0.0019546596 -0.105 -8.534228e-05)
(0.0039093191 -0.105 -0.00017068456)
(0.0058639787 -0.105 -0.00025602684)
(0.0078186383 -0.105 -0.00034136912)
(0.0097732978 -0.105 -0.0004267114)
(0.011727957 -0.105 -0.00051205368)
(0.013682617 -0.105 -0.00059739596)
(0.015637277 -0.105 -0.00068273824)
(0.017591936 -0.105 -0.00076808052)
(0.019546596 -0.105 -0.0008534228)
(0.021501255 -0.105 -0.00093876508)
(0.023455915 -0.105 -0.0010241074)
(0.025410574 -0.105 -0.0011094496)
(0.027365234 -0.105 -0.0011947919)
(0.029319893 -0.105 -0.0012801342)
(0.031274553 -0.105 -0.0013654765)
(0.033229213 -0.105 -0.0014508188)
(0.035183872 -0.105 -0.001536161)
(0.037138532 -0.105 -0.0016215033)
(0.039093191 -0.105 -0.0017068456)
(0.041047851 -0.105 -0.0017921879)
(0.04300251 -0.105 -0.0018775302)
(0.046500047 -0.105 -0.0020302359)
(0.048162061 -0.105 -0.002102801)
(0.049952411 -0.1025 -0.0021809694)
(0.049952411 -0.1 -0.0021809694)
(0.049952411 -0.0975 -0.0021809694)
(0.049952411 -0.095 -0.0021809694)
(0.049952411 -0.0925 -0.0021809694)
(0.049952411 -0.09 -0.0021809694)
(0.049952411 -0.0875 -0.0021809694)
(0.049952411 -0.085 -0.0021809694)
(0.049952411 -0.0825 -0.0021809694)
(0.049952411 -0.08 -0.0021809694)
(0.049952411 -0.0775 -0.0021809694)
(0.049952411 -0.075 -0.0021809694)
(0.049952411 -0.0725 -0.0021809694)
(0.049952411 -0.07 -0.0021809694)
(0.049952411 -0.0675 -0.0021809694)
(0.049952411 -0.065 -0.0021809694)
(0.049952411 -0.0625 -0.0021809694)
(0.049952411 -0.06 -0.0021809694)
(0.049952411 -0.0575 -0.0021809694)
(0.049952411 -0.055 -0.0021809694)
(0.049952411 -0.0525 -0.0021809694)
(0.049952411 -0.05 -0.0021809694)
(0.049952411 -0.0475 -0.0021809694)
(0.049952411 -0.045 -0.0021809694)
(0.049952411 -0.0425 -0.0021809694)
(0.049952411 -0.04 -0.0021809694)
(0.049952411 -0.0375 -0.0021809694)
(0.049952411 -0.035 -0.0021809694)
(0.049952411 -0.0325 -0.0021809694)
(0.049952411 -0.03 -0.0021809694)
(0.049952411 -0.0275 -0.0021809694)
(0.049952411 -0.025 -0.0021809694)
(0.049952411 -0.0225 -0.0021809694)
(0.049952411 -0.02 -0.0021809694)
(0.049952411 -0.0175 -0.0021809694)
(0.049952411 -0.015 -0.0021809694)
(0.049952411 -0.0125 -0.0021809694)
(0.049952411 -0.01 -0.0021809694)
(0.049952411 -0.0075 -0.0021809694)
(0.049952411 -0.005 -0.0021809694)
(0.049952411 -0.0025 -0.0021809694)
(0.049952411 -2.6367797e-13 -0.0021809694)
(0.049952411 0.0025 -0.0021809694)
(0.049952411 0.005 -0.0021809694)
(0.049952411 0.0075 -0.0021809694)
(0.049952411 0.01 -0.0021809694)
(0.049952411 0.0125 -0.0021809694)
(0.049952411 0.015 -0.0021809694)
(0.049952411 0.0175 -0.0021809694)
(0.049952411 0.02 -0.0021809694)
(0.049952411 0.0225 -0.0021809694)
(0.049952411 0.025 -0.0021809694)
(0.049952411 0.0275 -0.0021809694)
(0.049952411 0.03 -0.0021809694)
(0.049952411 0.0325 -0.0021809694)
(0.049952411 0.035 -0.0021809694)
(0.049952411 0.0375 -0.0021809694)
(0.049952411 0.04 -0.0021809694)
(0.049952411 0.0425 -0.0021809694)
(0.049952411 0.045 -0.0021809694)
(0.049952411 0.0475 -0.0021809694)
(0.049952411 0.05 -0.0021809694)
(0.049952411 0.0525 -0.0021809694)
(0.049952411 0.055 -0.0021809694)
(0.049952411 0.0575 -0.0021809694)
(0.049952411 0.06 -0.0021809694)
(0.049952411 0.0625 -0.0021809694)
(0.049952411 0.065 -0.0021809694)
(0.049952411 0.0675 -0.0021809694)
(0.049952411 0.07 -0.0021809694)
(0.049952411 0.0725 -0.0021809694)
(0.049952411 0.075 -0.0021809694)
(0.049952411 0.0775 -0.0021809694)
(0.049952411 0.08 -0.0021809694)
(0.049952411 0.0825 -0.0021809694)
(0.049952411 0.085 -0.0021809694)
(0.049952411 0.0875 -0.0021809694)
(0.049952411 0.09 -0.0021809694)
(0.049952411 0.0925 -0.0021809694)
(0.049952411 0.095 -0.0021809694)
(0.049952411 0.0975 -0.0021809694)
(0.049952411 0.1 -0.0021809694)
(0.049952411 0.1025 -0.0021809694)
(0.049952411 0.105 -0.0021809694)
(0.049952411 0.1075 -0.0021809694)
(0.049952411 0.11 -0.0021809694)
(0.049952411 0.1125 -0.0021809694)
(0.049952411 0.115 -0.0021809694)
(0.049952411 0.1175 -0.0021809694)
(0.049952411 0.12 -0.0021809694)
(0.049952411 0.1225 -0.0021809694)
(0.049952411 0.125 -0.0021809694)
(0.049952411 0.1275 -0.0021809694)
(0.049952411 0.13 -0.0021809694)
(0.049952411 0.1325 -0.0021809694)
(0.049952411 0.135 -0.0021809694)
(0.049952411 0.1375 -0.0021809694)
(0.049952411 0.14 -0.0021809694)
(0.049952411 0.1425 -0.0021809694)
(0.047454791 0.145 -0.0020719209)
(0.04495717 0.145 -0.0019628724)
(0.042459549 0.145 -0.001853824)
(0.039961929 0.145 -0.0017447755)
(0.037464308 0.145 -0.001635727)
(0.034966688 0.145 -0.0015266786)
(0.032469067 0.145 -0.0014176301)
(0.029971447 0.145 -0.0013085816)
(0.027473826 0.145 -0.0011995332)
(0.024976206 0.145 -0.0010904847)
(0.022478585 0.145 -0.00098143622)
(0.019980964 0.145 -0.00087238775)
(0.017483344 0.145 -0.00076333928)
(0.014985723 0.145 -0.00065429081)
(0.012488103 0.145 -0.00054524234)
(0.0099904822 0.145 -0.00043619387)
(0.0074928617 0.145 -0.00032714541)
(0.0049952411 0.145 -0.00021809694)
(0.0024976206 0.145 -0.00010904847)
(0.04495717 -0.327 0.0019628724)
(0.08991434 -0.28155967 0.0039257449)
(0.08991434 -0.24356014 0.0039257449)
(0.08991434 -0.21178299 0.0039257449)
(0.08991434 -0.18520931 0.0039257449)
(0.08991434 -0.16298705 0.0039257449)
(0.08991434 -0.14440367 0.0039257449)
(0.08991434 -0.12886329 0.0039257449)
(0.08991434 -0.11586763 0.0039257449)
(0.08991434 -0.095 0.0039257449)
(0.08991434 -0.085 0.0039257449)
(0.08991434 -0.075 0.0039257449)
(0.08991434 -0.065 0.0039257449)
(0.08991434 -0.055 0.0039257449)
(0.08991434 -0.045 0.0039257449)
(0.08991434 -0.035 0.0039257449)
(0.08991434 -0.025 0.0039257449)
(0.08991434 -0.015 0.0039257449)
(0.08991434 -0.005 0.0039257449)
(0.08991434 0.005 0.0039257449)
(0.08991434 0.015 0.0039257449)
(0.08991434 0.025 0.0039257449)
(0.08991434 0.035 0.0039257449)
(0.08991434 0.045 0.0039257449)
(0.08991434 0.055 0.0039257449)
(0.08991434 0.065 0.0039257449)
(0.08991434 0.075 0.0039257449)
(0.08991434 0.085 0.0039257449)
(0.08991434 0.095 0.0039257449)
(0.08991434 0.105 0.0039257449)
(0.08991434 0.115 0.0039257449)
(0.08991434 0.125 0.0039257449)
(0.08991434 0.135 0.0039257449)
(0.08991434 0.15513943 0.0039257449)
(0.08991434 0.16753837 0.0039257449)
(0.08991434 0.18270035 0.0039257449)
(0.08991434 0.20124109 0.0039257449)
(0.08991434 0.22391354 0.0039257449)
(0.08991434 0.25163842 0.0039257449)
(0.08991434 0.28554164 0.0039257449)
(0.04495717 0.327 0.0019628724)
(0.0024976206 0.145 0.00010904847)
(0.0049952411 0.145 0.00021809694)
(0.0074928617 0.145 0.00032714541)
(0.0099904822 0.145 0.00043619387)
(0.012488103 0.145 0.00054524234)
(0.014985723 0.145 0.00065429081)
(0.017483344 0.145 0.00076333928)
(0.019980964 0.145 0.00087238775)
(0.022478585 0.145 0.00098143622)
(0.024976206 0.145 0.0010904847)
(0.027473826 0.145 0.0011995332)
(0.029971447 0.145 0.0013085816)
(0.032469067 0.145 0.0014176301)
(0.034966688 0.145 0.0015266786)
(0.037464308 0.145 0.001635727)
(0.039961929 0.145 0.0017447755)
(0.042459549 0.145 0.001853824)
(0.04495717 0.145 0.0019628724)
(0.047454791 0.145 0.0020719209)
(0.049952411 0.1425 0.0021809694)
(0.049952411 0.14 0.0021809694)
(0.049952411 0.1375 0.0021809694)
(0.049952411 0.135 0.0021809694)
(0.049952411 0.1325 0.0021809694)
(0.049952411 0.13 0.0021809694)
(0.049952411 0.1275 0.0021809694)
(0.049952411 0.125 0.0021809694)
(0.049952411 0.1225 0.0021809694)
(0.049952411 0.12 0.0021809694)
(0.049952411 0.1175 0.0021809694)
(0.049952411 0.115 0.0021809694)
(0.049952411 0.1125 0.0021809694)
(0.049952411 0.11 0.0021809694)
(0.049952411 0.1075 0.0021809694)
(0.049952411 0.105 0.0021809694)
(0.049952411 0.1025 0.0021809694)
(0.049952411 0.1 0.0021809694)
(0.049952411 0.0975 0.0021809694)
(0.049952411 0.095 0.0021809694)
(0.049952411 0.0925 0.0021809694)
(0.049952411 0.09 0.0021809694)
(0.049952411 0.0875 0.0021809694)
(0.049952411 0.085 0.0021809694)
(0.049952411 0.0825 0.0021809694)
(0.049952411 0.08 0.0021809694)
(0.049952411 0.0775 0.0021809694)
(0.049952411 0.075 0.0021809694)
(0.049952411 0.0725 0.0021809694)
(0.049952411 0.07 0.0021809694)
(0.049952411 0.0675 0.0021809694)
(0.049952411 0.065 0.0021809694)
(0.049952411 0.0625 0.0021809694)
(0.049952411 0.06 0.0021809694)
(0.049952411 0.0575 0.0021809694)
(0.049952411 0.055 0.0021809694)
(0.049952411 0.0525 0.0021809694)
(0.049952411 0.05 0.0021809694)
(0.049952411 0.0475 0.0021809694)
(0.049952411 0.045 0.0021809694)
(0.049952411 0.0425 0.0021809694)
(0.049952411 0.04 0.0021809694)
(0.049952411 0.0375 0.0021809694)
(0.049952411 0.035 0.0021809694)
(0.049952411 0.0325 0.0021809694)
(0.049952411 0.03 0.0021809694)
(0.049952411 0.0275 0.0021809694)
(0.049952411 0.025 0.0021809694)
(0.049952411 0.0225 0.0021809694)
(0.049952411 0.02 0.0021809694)
(0.049952411 0.0175 0.0021809694)
(0.049952411 0.015 0.0021809694)
(0.049952411 0.0125 0.0021809694)
(0.049952411 0.01 0.0021809694)
(0.049952411 0.0075 0.0021809694)
(0.049952411 0.005 0.0021809694)
(0.049952411 0.0025 0.0021809694)
(0.049952411 -2.6367797e-13 0.0021809694)
(0.049952411 -0.0025 0.0021809694)
(0.049952411 -0.005 0.0021809694)
(0.049952411 -0.0075 0.0021809694)
(0.049952411 -0.01 0.0021809694)
(0.049952411 -0.0125 0.0021809694)
(0.049952411 -0.015 0.0021809694)
(0.049952411 -0.0175 0.0021809694)
(0.049952411 -0.02 0.0021809694)
(0.049952411 -0.0225 0.0021809694)
(0.049952411 -0.025 0.0021809694)
(0.049952411 -0.0275 0.0021809694)
(0.049952411 -0.03 0.0021809694)
(0.049952411 -0.0325 0.0021809694)
(0.049952411 -0.035 0.0021809694)
(0.049952411 -0.0375 0.0021809694)
(0.049952411 -0.04 0.0021809694)
(0.049952411 -0.0425 0.0021809694)
(0.049952411 -0.045 0.0021809694)
(0.049952411 -0.0475 0.0021809694)
(0.049952411 -0.05 0.0021809694)
(0.049952411 -0.0525 0.0021809694)
(0.049952411 -0.055 0.0021809694)
(0.049952411 -0.0575 0.0021809694)
(0.049952411 -0.06 0.0021809694)
(0.049952411 -0.0625 0.0021809694)
(0.049952411 -0.065 0.0021809694)
(0.049952411 -0.0675 0.0021809694)
(0.049952411 -0.07 0.0021809694)
(0.049952411 -0.0725 0.0021809694)
(0.049952411 -0.075 0.0021809694)
(0.049952411 -0.0775 0.0021809694)
(0.049952411 -0.08 0.0021809694)
(0.049952411 -0.0825 0.0021809694)
(0.049952411 -0.085 0.0021809694)
(0.049952411 -0.0875 0.0021809694)
(0.049952411 -0.09 0.0021809694)
(0.049952411 -0.0925 0.0021809694)
(0.049952411 -0.095 0.0021809694)
(0.049952411 -0.0975 0.0021809694)
(0.049952411 -0.1 0.0021809694)
(0.049952411 -0.1025 0.0021809694)
(0.048162061 -0.105 0.002102801)
(0.046500047 -0.105 0.0020302359)
(0.04300251 -0.105 0.0018775302)
(0.041047851 -0.105 0.0017921879)
(0.039093191 -0.105 0.0017068456)
(0.037138532 -0.105 0.0016215033)
(0.035183872 -0.105 0.001536161)
(0.033229213 -0.105 0.0014508188)
(0.031274553 -0.105 0.0013654765)
(0.029319893 -0.105 0.0012801342)
(0.027365234 -0.105 0.0011947919)
(0.025410574 -0.105 0.0011094496)
(0.023455915 -0.105 0.0010241074)
(0.021501255 -0.105 0.00093876508)
(0.019546596 -0.105 0.0008534228)
(0.017591936 -0.105 0.00076808052)
(0.015637277 -0.105 0.00068273824)
(0.013682617 -0.105 0.00059739596)
(0.011727957 -0.105 0.00051205368)
(0.0097732978 -0.105 0.0004267114)
(0.0078186383 -0.105 0.00034136912)
(0.0058639787 -0.105 0.00025602684)
(0.0039093191 -0.105 0.00017068456)
(0.0019546596 -0.105 8.534228e-05)
(0.042864266 -0.14805816 -0.0018714943)
(0.038055414 0.18487617 -0.0016615353)
(0.024433245 -0.12943752 -0.0010667785)
(0.04615319 -0.1259701 -0.0020150918)
(0.019792465 0.16452175 -0.00086415768)
(0.012705287 -0.11768016 -0.00055472482)
(0.036215498 0.16250814 -0.0015812028)
(0.06965323 -0.10409066 -0.0030411257)
(0.069173893 -0.08393089 -0.0030201974)
(0.069681732 -0.063766189 -0.0030423701)
(0.069681732 -0.043766189 -0.0030423701)
(0.069681732 -0.023766189 -0.0030423701)
(0.069681732 -0.0037661887 -0.0030423701)
(0.069641935 0.01626349 -0.0030406325)
(0.069021445 0.036182394 -0.0030135414)
(0.06917433 0.056068381 -0.0030202165)
(0.069681732 0.076233811 -0.0030423701)
(0.069641935 0.09626349 -0.0030406325)
(0.06917433 0.11606838 -0.0030202165)
(0.068393607 0.13697391 -0.0029861294)
(0.02435679 -0.11700599 -0.0010634404)
(0.03575674 -0.11687439 -0.001561173)
(0.062577598 0.16866587 -0.002732197)
(0.045728609 -0.11474347 -0.0019965542)
(0.060633041 -0.11542788 -0.0026472957)
(0.062349593 -0.093988491 -0.002722242)
(0.062348489 -0.073510433 -0.0027221938)
(0.062348488 -0.033510433 -0.0027221938)
(0.062348488 -0.013510433 -0.0027221938)
(0.062348488 0.0064895672 -0.0027221938)
(0.062348488 -0.053510433 -0.0027221938)
(0.062348488 0.026010433 -0.0027221938)
(0.062239698 0.066796956 -0.0027174439)
(0.062348488 0.086489567 -0.0027221938)
(0.062239698 0.10570304 -0.0027174439)
(0.062386773 0.12625 -0.0027238653)
(0.062348488 0.046010433 -0.0027221938)
(0.049341007 0.15931551 -0.0021542749)
(0.0614217 0.14336728 -0.0026817293)
(0.0071883206 -0.11159117 -0.00031384886)
(0.060546502 -0.10343082 -0.0026435174)
(0.0083904016 0.15404189 -0.00036633285)
(0.026356004 0.15595476 -0.001150728)
(0.060000243 -0.08375 -0.0026196672)
(0.059941447 -0.063453753 -0.0026171001)
(0.059941447 -0.023453753 -0.0026171001)
(0.059941447 -0.0034537528 -0.0026171001)
(0.059883447 0.01625 -0.0026145678)
(0.059941447 -0.043453753 -0.0026171001)
(0.059961347 0.11616958 -0.002617969)
(0.060000227 0.07625 -0.0026196665)
(0.059941447 0.055953753 -0.0026171001)
(0.059941447 0.096546247 -0.0026171001)
(0.059941447 0.035953753 -0.0026171001)
(0.058364455 0.13375 -0.0025482471)
(0.01842282 -0.1129714 -0.00080435771)
(0.030183513 -0.11201492 -0.0013178406)
(0.04870481 -0.19591441 -0.0021264979)
(0.012494046 -0.11120322 -0.00054550184)
(0.045049343 0.22891814 -0.0019668968)
(0.016274127 0.15211334 -0.00071054372)
(0.068155313 -0.13980723 -0.0029757252)
(0.033717877 0.15295401 -0.0014721543)
(0.041798513 0.15296133 -0.0018249625)
(0.039957027 -0.11215424 -0.0017445615)
(0.020660351 -0.15053049 -0.00090205041)
(0.049507774 -0.11017544 -0.0021615561)
(0.075041776 0.15085813 -0.0032763947)
(0.055712692 -0.10896482 -0.0024324687)
(0.024424713 -0.11087585 -0.001066406)
(0.05610349 -0.09875 -0.0024495313)
(0.057534408 0.15280965 -0.0025120065)
(0.019954227 0.18282507 -0.00087122038)
(0.055972013 -0.088875029 -0.0024437909)
(0.055972013 -0.078624971 -0.0024437909)
(0.055972005 -0.05862497 -0.0024437905)
(0.056096007 -0.06875 -0.0024492045)
(0.055972005 -0.03862497 -0.0024437905)
(0.055972005 -0.01862497 -0.0024437905)
(0.056096007 -0.02875 -0.0024492045)
(0.055972005 0.0013750297 -0.0024437905)
(0.056096007 0.01125 -0.0024492045)
(0.056096007 -0.00875 -0.0024492045)
(0.056096007 -0.04875 -0.0024492045)
(0.056096007 0.02125 -0.0024492045)
(0.055972005 0.07112497 -0.0024437905)
(0.056096007 0.11125 -0.0024492045)
(0.055972005 0.10137503 -0.0024437905)
(0.056096007 0.06125 -0.0024492045)
(0.055596287 0.12153423 -0.0024273863)
(0.055972005 0.08137503 -0.0024437905)
(0.055972005 0.05112497 -0.0024437905)
(0.056096007 0.09125 -0.0024492045)
(0.056096007 0.04125 -0.0024492045)
(0.055972005 0.03112497 -0.0024437905)
(0.062572653 0.1934219 -0.002731981)
(0.011973001 -0.12923061 -0.0005227525)
(0.043757541 -0.1095672 -0.0019104955)
(0.034206542 -0.1096262 -0.0014934899)
(0.055548874 0.13875 -0.0024253162)
(0.055222469 0.12884601 -0.0024110651)
(0.075245357 -0.11753798 -0.0032852832)
(0.072787843 0.02625 -0.0031779858)
(0.072787843 -0.03375 -0.0031779858)
(0.072787843 0.00625 -0.0031779858)
(0.072787843 -0.01375 -0.0031779858)
(0.072787843 -0.05375 -0.0031779858)
(0.072787843 0.04625 -0.0031779858)
(0.072787843 0.10625 -0.0031779858)
(0.072787843 0.06625 -0.0031779858)
(0.073578536 0.12642482 -0.0032125082)
(0.072787843 0.08625 -0.0031779858)
(0.072787835 -0.073749994 -0.0031779855)
(0.072780398 -0.093744396 -0.0031776608)
(0.055075627 -0.093728698 -0.0024046538)
(0.055075493 0.026270857 -0.002404648)
(0.055075493 -0.033770857 -0.002404648)
(0.055075493 -0.013770857 -0.002404648)
(0.055075493 0.0062291431 -0.002404648)
(0.055075493 -0.053770857 -0.002404648)
(0.055075498 -0.073770857 -0.0024046482)
(0.055075493 0.10622914 -0.002404648)
(0.055075493 0.086229143 -0.002404648)
(0.055075493 0.066270857 -0.002404648)
(0.055075493 0.046270857 -0.002404648)
(0.021586631 0.14950144 -0.00094249268)
(0.028209336 0.15074979 -0.0012316462)
(0.048840559 0.15181098 -0.0021324249)
(0.063944976 -0.16295778 -0.0027918979)
(0.054842215 -0.10379506 -0.0023944628)
(0.054599218 0.14427576 -0.0023838533)
(0.027334253 0.20890458 -0.0011934393)
(0.0095292453 0.16296581 -0.00041605583)
(0.044838931 -0.23992082 -0.00195771)
(0.046600948 0.17228894 -0.0020346413)
(0.034372078 -0.12776294 -0.0015007173)
(0.054839834 -0.08375 -0.0023943589)
(0.054839824 -0.06375 -0.0023943584)
(0.054839824 -0.02375 -0.0023943584)
(0.054839824 -0.00375 -0.0023943584)
(0.054839824 0.01625 -0.0023943584)
(0.054839824 -0.04375 -0.0023943584)
(0.054839824 0.11625 -0.0023943584)
(0.054839824 0.07625 -0.0023943584)
(0.054839824 0.05625 -0.0023943584)
(0.054839824 0.09625 -0.0023943584)
(0.054839824 0.03625 -0.0023943584)
(0.028537104 0.17395173 -0.0012459569)
(0.026262832 -0.17666094 -0.00114666)
(0.01637281 -0.10839324 -0.00071485231)
(0.020681953 -0.10842624 -0.00090299356)
(0.0033559763 -0.10858603 -0.00014652509)
(0.0068413085 -0.10835654 -0.00029869798)
(0.054255677 -0.11716912 -0.002368854)
(0.0065675326 -0.11916515 -0.00028674467)
(0.0045198168 0.14931236 -0.00019733946)
(0.028342564 -0.10883755 -0.0012374631)
(0.038827073 0.27688722 -0.0016952266)
(0.011058557 0.14934283 -0.00048282703)
(0.058070358 -0.12879653 -0.0025354066)
(0.033501874 -0.14143909 -0.0014627234)
(0.012342379 -0.14416115 -0.00053887991)
(0.019293925 -0.12324439 -0.00084239096)
(0.038807875 -0.10891656 -0.0016943884)
(0.066740792 0.15239314 -0.0029139659)
(0.010995348 -0.10847725 -0.00048006725)
(0.036215498 0.14927167 -0.0015812028)
(0.027589677 0.16468074 -0.0012045913)
(0.054017662 0.13375 -0.0023584621)
(0.029826744 -0.118683 -0.0013022637)
(0.047228431 -0.10833453 -0.0020620378)
(0.08168799 -0.0024864105 -0.0035665747)
(0.08168799 -0.022486411 -0.0035665747)
(0.08168799 -0.042486411 -0.0035665747)
(0.081687989 -0.062486411 -0.0035665746)
(0.081613394 0.017810998 -0.0035633178)
(0.081613394 0.037810998 -0.0035633178)
(0.08168799 0.077513589 -0.0035665747)
(0.081613394 0.097810998 -0.0035633178)
(0.081981046 0.11779827 -0.0035793698)
(0.08168799 0.057513589 -0.0035665747)
(0.081687467 -0.08248653 -0.0035665518)
(0.082088963 -0.10190983 -0.0035840815)
(0.076092017 0.16490307 -0.0033222492)
(0.014120464 0.17497936 -0.00061651277)
(0.081403364 0.14019631 -0.0035541476)
(0.074417298 0.18250026 -0.0032491294)
(0.043192965 0.14881238 -0.0018858456)
(0.069841527 0.14517971 -0.0030493469)
(0.013476317 0.1586146 -0.00058838871)
(0.042687443 -0.1209296 -0.001863774)
(0.043479544 -0.16994587 -0.0018983579)
(0.065653033 -0.10968028 -0.0028664733)
(0.053890494 0.1237007 -0.0023529098)
(0.02162418 0.15641688 -0.0009441321)
(0.065231974 0.1310599 -0.0028480895)
(0.064930031 -0.099827002 -0.0028349064)
(0.0062743672 -0.12466526 -0.00027394479)
(0.050370196 -0.1400348 -0.0021992103)
(0.016238316 0.14901559 -0.00070898018)
(0.065919025 -0.079984084 -0.0028780868)
(0.065916571 -0.087586742 -0.0028779796)
(0.066020581 -0.059951141 -0.0028825208)
(0.065133121 0.020486176 -0.0028437735)
(0.065135538 -0.06798634 -0.002843879)
(0.066020581 -0.019951141 -0.0028825208)
(0.066020581 -0.039951141 -0.0028825208)
(0.066020581 4.8858549e-05 -0.0028825208)
(0.065133121 0.012015462 -0.0028437735)
(0.065135538 -0.0079863403 -0.002843879)
(0.065135538 -0.02798634 -0.002843879)
(0.065135538 -0.04798634 -0.002843879)
(0.065888524 0.032434383 -0.0028767551)
(0.065919101 0.05241158 -0.0028780901)
(0.065860321 0.11270783 -0.0028755237)
(0.065582883 0.059887896 -0.0028634105)
(0.065133121 0.092015462 -0.0028437735)
(0.064889286 0.12030882 -0.0028331274)
(0.065249779 0.071842836 -0.0028488669)
(0.066020581 0.080048859 -0.0028825208)
(0.065246395 0.10065693 -0.0028487191)
(0.065095433 0.040481251 -0.002842128)
(0.024431471 -0.10818676 -0.0010667011)
(0.024042787 -0.1989802 -0.0010497307)
(0.013787283 -0.10875731 -0.00060196577)
(0.0050689071 0.15874074 -0.00022131326)
(0.041471147 -0.10810845 -0.0018106694)
(0.044128956 0.20191013 -0.0019267118)
(0.032276267 -0.10758859 -0.0014092123)
(0.054676616 0.1812594 -0.0023872326)
(0.062391938 0.13925481 -0.0027240908)
(0.014042507 0.19700005 -0.00061310911)
(0.024784858 0.14938925 -0.0010821303)
(0.057499305 0.16057495 -0.0025104739)
(0.041957935 -0.2851937 -0.001831923)
(0.032203805 0.14904704 -0.0014060485)
(0.068716395 -0.12328051 -0.0030002226)
(0.076115477 -0.1293108 -0.0033232735)
(0.0076976381 0.14899009 -0.00033608614)
(0.077497837 0.13303487 -0.0033836286)
(0.053338151 0.14877187 -0.0023287939)
(0.039788001 0.14957274 -0.0017371816)
(0.067188784 0.22113419 -0.0029335257)
(0.024693752 0.2313167 -0.0010781525)
(0.057183517 0.12533617 -0.0024966863)
(0.01330194 -0.16716924 -0.00058077522)
(0.052910381 -0.09625 -0.0023101171)
(0.052975601 -0.091267665 -0.0023129647)
(0.058537826 -0.14846319 -0.0025558167)
(0.05228317 -0.10842725 -0.0022827325)
(0.0531176 -0.11193492 -0.0023191645)
(0.052910381 -0.07125 -0.0023101171)
(0.052910381 -0.03125 -0.0023101171)
(0.052975579 -0.01623227 -0.0023129637)
(0.052910381 -0.01125 -0.0023101171)
(0.052910381 0.00875 -0.0023101171)
(0.052975579 0.00376773 -0.0023129637)
(0.052975579 -0.03623227 -0.0023129637)
(0.052975579 -0.05623227 -0.0023129637)
(0.052910381 -0.05125 -0.0023101171)
(0.052975583 -0.076232271 -0.0023129639)
(0.052975579 0.02873227 -0.0023129637)
(0.052910381 0.02375 -0.0023101171)
(0.052910381 0.10875 -0.0023101171)
(0.052910381 0.08875 -0.0023101171)
(0.052910381 0.06375 -0.0023101171)
(0.052975579 0.06873227 -0.0023129637)
(0.052975579 0.08376773 -0.0023129637)
(0.052975579 0.10376773 -0.0023129637)
(0.052975579 0.04873227 -0.0023129637)
(0.052910381 0.04375 -0.0023101171)
(0.048062231 -0.11997534 -0.0020984423)
(0.041238456 -0.13414047 -0.0018005099)
(0.0041796089 -0.11275075 -0.00018248566)
(0.022291757 -0.13958333 -0.00097327911)
(0.053215266 -0.08619975 -0.0023234287)
(0.053215266 -0.08130025 -0.0023234287)
(0.053215261 -0.06130025 -0.0023234285)
(0.053232976 -0.066181888 -0.0023242019)
(0.053215261 -0.02130025 -0.0023234285)
(0.053232976 -0.026181888 -0.0023242019)
(0.053232976 -0.046181888 -0.0023242019)
(0.053232976 0.013818112 -0.0023242019)
(0.053232976 -0.0061818884 -0.0023242019)
(0.053215261 -0.0013002502 -0.0023234285)
(0.053215261 -0.04130025 -0.0023234285)
(0.053232976 0.018681888 -0.0023242019)
(0.053215261 0.07380025 -0.0023234285)
(0.053079635 0.11873035 -0.0023175069)
(0.053215261 0.09869975 -0.0023234285)
(0.053232976 0.058681888 -0.0023242019)
(0.053215261 0.07869975 -0.0023234285)
(0.053232976 0.11381811 -0.0023242019)
(0.053215261 0.05380025 -0.0023234285)
(0.053232976 0.093818112 -0.0023242019)
(0.053232976 0.038681888 -0.0023242019)
(0.053215261 0.03380025 -0.0023234285)
(0.018615955 -0.11743632 -0.00081279017)
(0.083085384 -0.089083568 -0.0036275862)
(0.083099984 -0.069119603 -0.0036282237)
(0.083099988 -0.049119608 -0.0036282238)
(0.083099988 -0.0091196075 -0.0036282238)
(0.083099988 -0.029119608 -0.0036282238)
(0.083085068 0.010939874 -0.0036275724)
(0.083074261 0.030969947 -0.0036271006)
(0.08308918 0.050910465 -0.0036277519)
(0.083147791 0.1109674 -0.003630311)
(0.083099988 0.070880392 -0.0036282238)
(0.083085068 0.090939874 -0.0036275724)
(0.067093274 -0.18707466 -0.0029293556)
(0.065345166 -0.20907464 -0.0028530316)
(0.053229025 -0.10132856 -0.0023240294)
(0.042032328 0.15910725 -0.0018351711)
(0.0045343465 0.15435522 -0.00019797384)
(0.010285388 -0.11428069 -0.00044906974)
(0.025612897 -0.12260497 -0.0011182832)
(0.060562683 0.12208444 -0.0026442238)
(0.018569266 -0.10727343 -0.00081075166)
(0.052859673 0.14127894 -0.0023079032)
(0.065133361 0.24462816 -0.002843784)
(0.075640037 -0.15238912 -0.0033025153)
(0.031607172 0.15861099 -0.0013799989)
(0.076641835 -0.10907975 -0.0033462548)
(0.049172646 0.14775625 -0.0021469241)
(0.014989299 -0.11428069 -0.00065444694)
(0.043789241 -0.10703762 -0.0019118795)
(0.01170975 -0.15504209 -0.00051125872)
(0.057944618 0.14652856 -0.0025299167)
(0.036188613 -0.10718204 -0.0015800289)
(0.037352307 0.1717134 -0.0016308369)
(0.057876581 -0.095667873 -0.0025269461)
(0.060165709 -0.099262872 -0.0026268916)
(0.040994737 -0.11620775 -0.0017898689)
(0.05280887 0.13619023 -0.002305685)
(0.052674223 0.13130249 -0.0022998062)
(0.0088125537 -0.10701696 -0.0003847644)
(0.057872926 -0.071831202 -0.0025267865)
(0.060364649 -0.067943916 -0.0026355775)
(0.057872922 -0.031831204 -0.0025267863)
(0.060364648 -0.027943916 -0.0026355775)
(0.057872922 -0.011831203 -0.0025267863)
(0.060364648 -0.0079439164 -0.0026355775)
(0.057872922 0.0081687965 -0.0025267863)
(0.060329931 0.011973871 -0.0026340617)
(0.057872922 -0.051831203 -0.0025267863)
(0.060364648 -0.047943916 -0.0026355775)
(0.057872922 0.024331203 -0.0025267863)
(0.060329931 0.020526129 -0.0026340617)
(0.057872922 0.088168796 -0.0025267863)
(0.060364472 0.092056215 -0.0026355698)
(0.05785479 0.064462291 -0.0025259947)
(0.060721828 0.060705048 -0.0026511723)
(0.05785479 0.10803771 -0.0025259947)
(0.060740791 0.11177703 -0.0026520002)
(0.057872922 0.044331203 -0.0025267863)
(0.060352641 0.040467141 -0.0026350532)
(0.030074851 0.19348135 -0.0013130964)
(0.036892928 -0.1112277 -0.00161078)
(0.033761139 -0.11318036 -0.0014740431)
(0.066457313 0.16118197 -0.0029015889)
(0.035676311 -0.1605928 -0.0015576614)
(0.013235399 -0.12423594 -0.00057787)
(0.049213163 -0.10690234 -0.0021486931)
(0.0048866489 -0.10698688 -0.0002133557)
(0.052851876 0.12633911 -0.0023075627)
(0.022743243 -0.22988487 -0.00099299143)
(0.059493827 0.13019476 -0.0025975566)
(0.021676256 0.2587709 -0.00094640576)
(0.037719789 0.15624089 -0.0016468815)
(0.0090220987 0.18269959 -0.00039391334)
(0.045728609 -0.10662914 -0.0019965542)
(0.052203412 -0.10375 -0.0022792502)
(0.0059809604 -0.13198835 -0.00026113437)
(0.061151347 -0.088396453 -0.0026699255)
(0.061152672 -0.079111776 -0.0026699833)
(0.06115801 -0.059070629 -0.0026702164)
(0.06115801 -0.019070629 -0.0026702164)
(0.06115801 0.00092937123 -0.0026702164)
(0.06115801 -0.039070629 -0.0026702164)
(0.061141502 0.031568534 -0.0026694956)
(0.060386138 0.10044516 -0.0026365157)
(0.061165357 0.08089234 -0.0026705372)
(0.060395019 0.072097124 -0.0026369035)
(0.061145324 0.051565684 -0.0026696625)
(0.018749848 0.1475016 -0.00081863602)
(0.013743046 0.1474833 -0.00060003435)
(0.013214102 0.21384676 -0.00057694017)
(0.022527735 -0.10694946 -0.00098358213)
(0.026387904 -0.10692275 -0.0011521208)
(0.023518241 0.16055516 -0.0010268286)
(0.0098780153 -0.11095604 -0.00043128346)
(0.080263528 0.12563749 -0.0035043813)
(0.022056008 -0.11378185 -0.0009629861)
(0.0289029 0.14747303 -0.0012619279)
(0.027104371 -0.11414085 -0.0011834024)
(0.030297223 -0.10685889 -0.0013228053)
(0.052173286 -0.093749273 -0.0022779349)
(0.052173257 -0.073750626 -0.0022779336)
(0.052173255 -0.013750625 -0.0022779335)
(0.052173255 0.0062493746 -0.0022779335)
(0.052173255 -0.033750625 -0.0022779335)
(0.052173255 0.026250625 -0.0022779335)
(0.052173255 -0.053750625 -0.0022779335)
(0.052173255 0.10624937 -0.0022779335)
(0.052173255 0.046250625 -0.0022779335)
(0.052173255 0.086249375 -0.0022779335)
(0.052173255 0.066250625 -0.0022779335)
(0.052214068 -0.08875 -0.0022797154)
(0.052235038 -0.08375 -0.002280631)
(0.052214068 -0.07875 -0.0022797154)
(0.052428837 -0.068736378 -0.0022890925)
(0.052214067 -0.05875 -0.0022797154)
(0.052238577 -0.063746428 -0.0022807855)
(0.052428837 0.021236378 -0.0022890925)
(0.052214067 -0.03875 -0.0022797154)
(0.052238577 -0.043746428 -0.0022807855)
(0.052428837 -0.028736378 -0.0022890925)
(0.052214067 -0.01875 -0.0022797154)
(0.052238577 -0.023746428 -0.0022807855)
(0.052214067 0.00125 -0.0022797154)
(0.052242119 0.01625 -0.0022809402)
(0.052428837 0.011263622 -0.0022890925)
(0.052428837 -0.0087363777 -0.0022890925)
(0.052238577 -0.0037464277 -0.0022807855)
(0.052428837 -0.048736378 -0.0022890925)
(0.052211451 0.11625969 -0.0022796012)
(0.052428837 0.091263622 -0.0022890925)
(0.052235034 0.07625 -0.0022806308)
(0.052238577 0.056246428 -0.0022807855)
(0.052214067 0.07125 -0.0022797154)
(0.052428837 0.061236378 -0.0022890925)
(0.052214067 0.08125 -0.0022797154)
(0.052214067 0.05125 -0.0022797154)
(0.052238577 0.096253572 -0.0022807855)
(0.052214067 0.10125 -0.0022797154)
(0.052214067 0.03125 -0.0022797154)
(0.052238577 0.036246428 -0.0022807855)
(0.05232068 0.12170255 -0.0022843702)
(0.052428837 0.11126362 -0.0022890925)
(0.052428837 0.041236378 -0.0022890925)
(0.052429544 -0.098765711 -0.0022891233)
(0.067940576 0.12707024 -0.0029663496)
(0.067965674 -0.11599826 -0.0029674454)
(0.067584288 -0.095039982 -0.0029507937)
(0.067587308 0.024946078 -0.0029509256)
(0.067587308 -0.032446078 -0.0029509256)
(0.067587308 0.0075539216 -0.0029509256)
(0.067587308 -0.012446078 -0.0029509256)
(0.067587308 -0.052446078 -0.0029509256)
(0.067587308 0.044946078 -0.0029509256)
(0.067587308 0.10494608 -0.0029509256)
(0.067587308 0.067553922 -0.0029509256)
(0.067587308 0.087553922 -0.0029509256)
(0.067587303 -0.072446077 -0.0029509254)
(0.034492583 -0.12193575 -0.0015059787)
(0.075545231 0.012468804 -0.003298376)
(0.075545231 -0.0075311963 -0.003298376)
(0.075545231 -0.047531196 -0.003298376)
(0.075545231 -0.027531196 -0.003298376)
(0.075609243 0.032437782 -0.0033011709)
(0.075545231 0.092468804 -0.003298376)
(0.075545231 0.072468804 -0.003298376)
(0.075649873 0.11232445 -0.0033029448)
(0.075624241 0.052299552 -0.0033018257)
(0.075545231 -0.067531195 -0.003298376)
(0.07562171 -0.087696542 -0.0033017152)
(0.046379457 0.16513797 -0.0020249708)
(0.016580064 -0.10652623 -0.00072390122)
(0.0071851915 0.17112972 -0.00031371224)
(0.0496038 -0.11426944 -0.0021657487)
(0.051989128 0.14383296 -0.0022698944)
(0.012506018 0.15328352 -0.00054602452)
(0.043085382 -0.11240707 -0.0018811484)
(0.060268868 -0.10864428 -0.0026313956)
(0.003470769 -0.11636544 -0.00015153705)
(0.052156129 0.13875 -0.0022771858)
(0.034206542 -0.10674124 -0.0014934899)
(0.046356295 -0.11113615 -0.0020239595)
(0.021283282 0.14691104 -0.00092924815)
(0.045795109 0.14725062 -0.0019994576)
(0.020553522 -0.10658072 -0.00089738616)
(0.081196607 0.15745883 -0.0035451204)
(0.053099817 -0.12403815 -0.0023183881)
(0.064446279 -0.26282076 -0.0028137853)
(0.028342564 -0.10652384 -0.0012374631)
(0.057945472 -0.091901511 -0.002529954)
(0.05794517 -0.075598981 -0.0025299408)
(0.057945613 -0.055595485 -0.0025299601)
(0.057945613 -0.015595485 -0.0025299601)
(0.057945613 -0.035595485 -0.0025299601)
(0.057945613 0.0044045154 -0.0025299601)
(0.057944209 0.028095306 -0.0025298988)
(0.057944534 0.048095064 -0.002529913)
(0.057959937 0.084437243 -0.0025305855)
(0.057881954 0.068209723 -0.0025271807)
(0.057869185 0.10428531 -0.0025266232)
(0.082325871 0.14902321 -0.0035944251)
(0.04529774 0.15484909 -0.001977742)
(0.024056626 0.15264417 -0.001050335)
(0.02068111 0.17141538 -0.00090295676)
(0.025003368 -0.2610643 -0.0010916706)
(0.0020684231 -0.10693037 -9.0309302e-05)
(0.064427434 -0.10482052 -0.0028129625)
(0.012449387 -0.18327134 -0.00054355195)
(0.058066269 0.14165753 -0.0025352281)
(0.029923222 0.15429488 -0.0013064761)
(0.0026704682 0.14721942 -0.00011659516)
(0.030739881 -0.13375621 -0.0013421322)
(0.053945658 0.16882174 -0.0023553183)
(0.011214349 0.14684712 -0.00048962906)
(0.045584009 -0.21829588 -0.0019902408)
(0.029761903 0.18290463 -0.0012994327)
(0.078416583 0.19416135 -0.003423742)
(0.069602219 -0.037993165 -0.0030388985)
(0.069602219 0.0020068354 -0.0030388985)
(0.069602219 -0.017993165 -0.0030388985)
(0.069428749 0.030101711 -0.0030313246)
(0.069602219 -0.057993165 -0.0030388985)
(0.069249662 0.062110073 -0.0030235055)
(0.069602219 0.082006835 -0.0030388985)
(0.069456301 0.11010939 -0.0030325276)
(0.069461826 0.05005587 -0.0030327688)
(0.069343666 0.12213675 -0.0030276099)
(0.069529681 -0.078016693 -0.0030357314)
(0.069457624 -0.089939169 -0.0030325853)
(0.018082813 -0.12972316 -0.00078951265)
(0.083030916 -0.12191889 -0.0036252081)
(0.06175835 0.1557495 -0.0026964278)
(0.057186255 -0.10192046 -0.0024968058)
(0.0064315031 0.15157042 -0.00028080549)
(0.051224394 -0.1316579 -0.0022365053)
(0.027623831 0.30159246 -0.0012060825)
(0.079283699 -0.13958026 -0.0034616011)
(0.07456426 0.019689995 -0.0032555459)
(0.074471514 0.039671309 -0.0032514965)
(0.07456426 0.099689995 -0.0032555459)
(0.015773687 -0.11081523 -0.00068869406)
(0.012826319 -0.13550848 -0.00056000919)
(0.074831267 -0.10057205 -0.0032672037)
(0.060620202 0.29776856 -0.0026467352)
(0.075788694 -0.17262988 -0.0033090058)
(0.030652102 -0.10922385 -0.0013382997)
(0.052679159 0.15477894 -0.0023000218)
(0.081217148 0.17391216 -0.0035460172)
(0.0050453441 -0.11000579 -0.00022028448)
(0.057223317 -0.085608142 -0.002498424)
(0.057151462 -0.081939216 -0.0024952867)
(0.057362042 -0.061726781 -0.0025044808)
(0.057163461 -0.06553232 -0.0024958106)
(0.057155577 0.018064502 -0.0024954664)
(0.057362042 -0.041726781 -0.0025044808)
(0.057362042 -0.021726781 -0.0025044808)
(0.057163461 -0.02553232 -0.0024958106)
(0.057362042 -0.001726781 -0.0025044808)
(0.057163461 -0.0055323198 -0.0024958106)
(0.057138021 0.01441775 -0.0024946999)
(0.057163461 -0.04553232 -0.0024958106)
(0.057362042 0.034226781 -0.0025044808)
(0.057197138 0.11441192 -0.002497281)
(0.057579357 0.11830884 -0.002513969)
(0.057153238 0.098094959 -0.0024953643)
(0.057145691 0.094452533 -0.0024950347)
(0.057158991 0.074433828 -0.0024956155)
(0.057193834 0.058054525 -0.0024971367)
(0.057362042 0.054226781 -0.0025044808)
(0.057058611 0.077983491 -0.0024912327)
(0.05716244 0.038034295 -0.002495766)
(0.040070521 -0.10658139 -0.0017495167)
(0.010100152 -0.12078348 -0.00044098216)
(0.037935948 -0.11410986 -0.0016563193)
(0.0040817433 0.16510889 -0.00017821276)
(0.013964013 0.15024772 -0.00060968196)
(0.023727395 0.14700691 -0.0010359604)
(0.0030927152 -0.12014861 -0.00013503086)
(0.057220318 -0.10562488 -0.002498293)
(0.0068436779 -0.10649026 -0.00029880143)
(0.033881802 0.14703054 -0.0014793114)
(0.038218636 -0.10655091 -0.0016686617)
(0.051625703 -0.10607814 -0.0022540269)
(0.064878295 0.26762273 -0.0028326475)
(0.0060196163 0.14704474 -0.00026282212)
(0.026256445 0.14710733 -0.0011463811)
(0.063585956 0.016251801 -0.0027762228)
(0.063716993 -0.043695328 -0.002781944)
(0.063716993 -0.0036953281 -0.002781944)
(0.063716993 -0.023695328 -0.002781944)
(0.063716993 -0.063695328 -0.002781944)
(0.064029392 0.03625 -0.0027955836)
(0.063926656 0.05619487 -0.0027910981)
(0.063740777 0.11600217 -0.0027829824)
(0.063734933 0.096291115 -0.0027827272)
(0.064029392 0.07625 -0.0027955836)
(0.064029413 -0.083749998 -0.0027955846)
(0.01260063 -0.10669289 -0.00055015538)
(0.058808405 0.13731384 -0.0025676304)
(0.051926888 0.12876732 -0.0022671769)
(0.013883527 0.16770781 -0.00060616787)
(0.071031826 -0.11127739 -0.0031013165)
(0.070528506 0.13091275 -0.0030793411)
(0.074724226 0.14017428 -0.0032625302)
(0.022668714 -0.10914552 -0.00098973742)
(0.061235904 -0.12225086 -0.0026736173)
(0.047366462 -0.1063732 -0.0020680644)
(0.0068620296 -0.11526176 -0.00029960268)
(0.0092702203 0.15797116 -0.00040474656)
(0.065637772 0.14168587 -0.002865807)
(0.026222837 -0.10922338 -0.0011449138)
(0.041876254 -0.10634549 -0.0018283567)
(0.01477678 -0.10672828 -0.00064516815)
(0.048344963 0.19042504 -0.0021107867)
(0.073105701 0.15735903 -0.0031918638)
(0.044474128 0.2498151 -0.0019417824)
(0.081643465 -0.11435844 -0.0035646307)
(0.01851878 0.15021815 -0.00080854738)
(0.036232225 0.1467916 -0.0015819331)
(0.031485804 0.14671012 -0.0013746999)
(0.021206599 -0.11101298 -0.00092590013)
(0.067239691 -0.23340282 -0.0029357483)
(0.051881115 0.13374854 -0.0022651784)
(0.039876336 -0.12549936 -0.0017410384)
(0.05037565 -0.15902793 -0.0021994484)
(0.010773006 -0.10643875 -0.0004703596)
(0.021701575 -0.11988118 -0.00094751124)
(0.016977559 0.1559471 -0.00074125621)
(0.05610431 0.13198 -0.0024495671)
(0.041277345 0.14697846 -0.0018022078)
(0.038489884 0.14710241 -0.0016805046)
(0.06760441 -0.30427983 -0.0029516723)
(0.037776289 0.15232013 -0.0016493484)
(0.07676344 0.20902257 -0.0033515642)
(0.057064469 -0.11251405 -0.0024914885)
(0.069955843 -0.098654819 -0.003054338)
(0.056838258 0.20991372 -0.0024816119)
(0.027456747 -0.11122226 -0.0011987875)
(0.062982738 0.14824482 -0.0027498857)
(0.070147528 -0.069095959 -0.0030627072)
(0.07014753 -0.049095961 -0.0030627073)
(0.07014753 -0.029095961 -0.0030627073)
(0.07014753 -0.0090959608 -0.0030627073)
(0.070139087 0.010910335 -0.0030623387)
(0.069942893 0.021527148 -0.0030537727)
(0.069965548 0.1015613 -0.0030547618)
(0.070170379 0.070869875 -0.0030637049)
(0.070139087 0.090910335 -0.0030623387)
(0.06941316 0.040776749 -0.003030644)
(0.07900129 0.02497292 -0.0034492708)
(0.078995947 0.044954519 -0.0034490376)
(0.079261797 0.10512032 -0.0034606448)
(0.074642023 -0.00048615615 -0.0032589411)
(0.074642023 -0.020486156 -0.0032589411)
(0.074642023 -0.040486156 -0.0032589411)
(0.074642023 -0.060486156 -0.0032589411)
(0.074642023 0.079513844 -0.0032589411)
(0.074549053 0.059486291 -0.0032548819)
(0.074998496 0.12006503 -0.0032745051)
(0.074581978 -0.080528257 -0.0032563195)
(0.021728776 -0.30538314 -0.00094869886)
(0.05607581 0.13555478 -0.0024483228)
(0.079056862 -0.09502711 -0.0034516971)
(0.083719423 -0.10833447 -0.003655269)
(0.0087416719 0.14674656 -0.00038166964)
(0.083798682 0.13177374 -0.0036587295)
(0.029335217 -0.12723462 -0.0012808032)
(0.055479392 -0.17567161 -0.0024222825)
(0.015401939 -0.1206449 -0.00067246318)
(0.040538013 0.21543654 -0.0017699279)
(0.0093040779 -0.11743425 -0.00040622481)
(0.05549152 -0.096099143 -0.0024228121)
(0.0062299317 -0.13923819 -0.00027200469)
(0.0087431092 -0.10927959 -0.00038173239)
(0.043536428 0.14660829 -0.0019008415)
(0.03290715 0.16759045 -0.0014367572)
(0.058711409 -0.1366342 -0.0025633955)
(0.070896407 0.17174948 -0.003095404)
(0.065531342 -0.13051891 -0.0028611602)
(0.079037458 -0.035145974 -0.00345085)
(0.079037458 -0.015145974 -0.00345085)
(0.07903619 0.0048590842 -0.0034507946)
(0.079037458 -0.055145974 -0.00345085)
(0.079029553 0.064851683 -0.0034505048)
(0.07903619 0.084859084 -0.0034507946)
(0.0790323 -0.075149554 -0.0034506247)
(0.055488701 0.023900515 -0.002422689)
(0.055488701 0.0085994849 -0.002422689)
(0.055488701 -0.011400515 -0.002422689)
(0.055488701 -0.031400515 -0.002422689)
(0.055488701 -0.051400515 -0.002422689)
(0.055488703 -0.071400515 -0.0024226891)
(0.055484168 0.10856671 -0.0024224911)
(0.055484168 0.063933287 -0.0024224911)
(0.055488701 0.088599485 -0.002422689)
(0.055488701 0.043900515 -0.002422689)
(0.031334729 -0.11507918 -0.0013681038)
(0.051902195 0.14602698 -0.0022660988)
(0.030574377 -0.12339326 -0.0013349061)
(0.039415279 -0.18306778 -0.0017209082)
(0.030217377 -0.15039222 -0.0013193192)
(0.0022870417 -0.11054091 -9.9854398e-05)
(0.065592086 0.12402739 -0.0028638123)
(0.022971427 -0.16006463 -0.0010029542)
(0.018504523 -0.10981542 -0.0008079249)
(0.045682922 0.15057344 -0.0019945594)
(0.041415794 -0.1102307 -0.0018082526)
(0.0015422882 -0.10864587 -6.7337758e-05)
(0.0028132872 0.15192974 -0.00012283077)
(0.03643322 -0.1092245 -0.0015907087)
(0.064178832 0.17781794 -0.0028021083)
(0.044369402 0.18024699 -0.0019372099)
(0.0020007144 0.14947613 -8.7353079e-05)
(0.065556116 -0.036127362 -0.0028622418)
(0.065556116 0.0038726381 -0.0028622418)
(0.065556116 -0.016127362 -0.0028622418)
(0.065474449 0.028692587 -0.0028586762)
(0.065556116 -0.056127362 -0.0028622418)
(0.065537562 0.048592245 -0.0028614318)
(0.065556652 0.083869939 -0.0028622652)
(0.065371062 0.06376813 -0.0028541622)
(0.065422393 0.10871118 -0.0028564034)
(0.065543037 -0.076134474 -0.0028616708)
(0.065476536 -0.091306721 -0.0028587673)
(0.016240055 0.1468001 -0.00070905613)
(0.027267773 0.15995041 -0.0011905367)
(0.03217525 -0.1106911 -0.0014048018)
(0.018216945 0.15983539 -0.000795369)
(0.045372023 -0.10854093 -0.0019809853)
(0.055492178 -0.091443226 -0.0024228408)
(0.02444272 -0.1064118 -0.0010671922)
(0.040247948 0.16639103 -0.0017572634)
(0.01983965 0.15280685 -0.00086621784)
(0.055492066 -0.07605677 -0.0024228359)
(0.055492173 -0.056055895 -0.0024228406)
(0.055492173 -0.016055895 -0.0024228406)
(0.055492173 -0.036055895 -0.0024228406)
(0.055492173 0.0039441046 -0.0024228406)
(0.055491822 0.028555851 -0.0024228253)
(0.055491903 0.04855579 -0.0024228288)
(0.055495754 0.083952286 -0.0024229969)
(0.055476258 0.068584455 -0.0024221457)
(0.055473066 0.1039143 -0.0024220064)
(0.044181013 -0.11790536 -0.0019289847)
(0.07806678 -0.1982854 -0.0034084692)
(0.0092168235 0.15144575 -0.0004024152)
(0.051793575 0.12384847 -0.0022613563)
(0.061947814 0.13456401 -0.0027047)
(0.076244272 0.23338532 -0.0033288968)
(0.054223753 -0.1062068 -0.0023674602)
(0.076577938 0.14528237 -0.003343465)
(0.014674902 0.16279414 -0.00064072007)
(0.035615226 0.17873858 -0.0015549943)
(0.038761568 -0.12028937 -0.0016923666)
(0.03101356 0.15176143 -0.0013540813)
(0.061481518 0.11869095 -0.0026843411)
(0.055268509 0.14149056 -0.0024130752)
(0.042864266 -0.14805816 0.0018714943)
(0.038055414 0.18487617 0.0016615353)
(0.024433245 -0.12943752 0.0010667785)
(0.04615319 -0.1259701 0.0020150918)
(0.019792465 0.16452175 0.00086415768)
(0.012705287 -0.11768016 0.00055472482)
(0.036215498 0.16250814 0.0015812028)
(0.06965323 -0.10409066 0.0030411257)
(0.069173893 -0.08393089 0.0030201974)
(0.069681732 -0.063766189 0.0030423701)
(0.069681732 -0.043766189 0.0030423701)
(0.069681732 -0.023766189 0.0030423701)
(0.069681732 -0.0037661887 0.0030423701)
(0.069641935 0.01626349 0.0030406325)
(0.069021445 0.036182394 0.0030135414)
(0.06917433 0.056068381 0.0030202165)
(0.069681732 0.076233811 0.0030423701)
(0.069641935 0.09626349 0.0030406325)
(0.06917433 0.11606838 0.0030202165)
(0.068393607 0.13697391 0.0029861294)
(0.02435679 -0.11700599 0.0010634404)
(0.03575674 -0.11687439 0.001561173)
(0.062577598 0.16866587 0.002732197)
(0.045728609 -0.11474347 0.0019965542)
(0.060633041 -0.11542788 0.0026472957)
(0.062349593 -0.093988491 0.002722242)
(0.062348489 -0.073510433 0.0027221938)
(0.062348488 -0.033510433 0.0027221938)
(0.062348488 -0.013510433 0.0027221938)
(0.062348488 0.0064895672 0.0027221938)
(0.062348488 -0.053510433 0.0027221938)
(0.062348488 0.026010433 0.0027221938)
(0.062239698 0.066796956 0.0027174439)
(0.062348488 0.086489567 0.0027221938)
(0.062239698 0.10570304 0.0027174439)
(0.062386773 0.12625 0.0027238653)
(0.062348488 0.046010433 0.0027221938)
(0.049341007 0.15931551 0.0021542749)
(0.0614217 0.14336728 0.0026817293)
(0.0071883206 -0.11159117 0.00031384886)
(0.060546502 -0.10343082 0.0026435174)
(0.0083904016 0.15404189 0.00036633285)
(0.026356004 0.15595476 0.001150728)
(0.060000243 -0.08375 0.0026196672)
(0.059941447 -0.063453753 0.0026171001)
(0.059941447 -0.023453753 0.0026171001)
(0.059941447 -0.0034537528 0.0026171001)
(0.059883447 0.01625 0.0026145678)
(0.059941447 -0.043453753 0.0026171001)
(0.059961347 0.11616958 0.002617969)
(0.060000227 0.07625 0.0026196665)
(0.059941447 0.055953753 0.0026171001)
(0.059941447 0.096546247 0.0026171001)
(0.059941447 0.035953753 0.0026171001)
(0.058364455 0.13375 0.0025482471)
(0.01842282 -0.1129714 0.00080435771)
(0.030183513 -0.11201492 0.0013178406)
(0.04870481 -0.19591441 0.0021264979)
(0.012494046 -0.11120322 0.00054550184)
(0.045049343 0.22891814 0.0019668968)
(0.016274127 0.15211334 0.00071054372)
(0.068155313 -0.13980723 0.0029757252)
(0.033717877 0.15295401 0.0014721543)
(0.041798513 0.15296133 0.0018249625)
(0.039957027 -0.11215424 0.0017445615)
(0.020660351 -0.15053049 0.00090205041)
(0.049507774 -0.11017544 0.0021615561)
(0.075041776 0.15085813 0.0032763947)
(0.055712692 -0.10896482 0.0024324687)
(0.024424713 -0.11087585 0.001066406)
(0.05610349 -0.09875 0.0024495313)
(0.057534408 0.15280965 0.0025120065)
(0.019954227 0.18282507 0.00087122038)
(0.055972013 -0.088875029 0.0024437909)
(0.055972013 -0.078624971 0.0024437909)
(0.055972005 -0.05862497 0.0024437905)
(0.056096007 -0.06875 0.0024492045)
(0.055972005 -0.03862497 0.0024437905)
(0.055972005 -0.01862497 0.0024437905)
(0.056096007 -0.02875 0.0024492045)
(0.055972005 0.0013750297 0.0024437905)
(0.056096007 0.01125 0.0024492045)
(0.056096007 -0.00875 0.0024492045)
(0.056096007 -0.04875 0.0024492045)
(0.056096007 0.02125 0.0024492045)
(0.055972005 0.07112497 0.0024437905)
(0.056096007 0.11125 0.0024492045)
(0.055972005 0.10137503 0.0024437905)
(0.056096007 0.06125 0.0024492045)
(0.055596287 0.12153423 0.0024273863)
(0.055972005 0.08137503 0.0024437905)
(0.055972005 0.05112497 0.0024437905)
(0.056096007 0.09125 0.0024492045)
(0.056096007 0.04125 0.0024492045)
(0.055972005 0.03112497 0.0024437905)
(0.062572653 0.1934219 0.002731981)
(0.011973001 -0.12923061 0.0005227525)
(0.043757541 -0.1095672 0.0019104955)
(0.034206542 -0.1096262 0.0014934899)
(0.055548874 0.13875 0.0024253162)
(0.055222469 0.12884601 0.0024110651)
(0.075245357 -0.11753798 0.0032852832)
(0.072787843 0.02625 0.0031779858)
(0.072787843 -0.03375 0.0031779858)
(0.072787843 0.00625 0.0031779858)
(0.072787843 -0.01375 0.0031779858)
(0.072787843 -0.05375 0.0031779858)
(0.072787843 0.04625 0.0031779858)
(0.072787843 0.10625 0.0031779858)
(0.072787843 0.06625 0.0031779858)
(0.073578536 0.12642482 0.0032125082)
(0.072787843 0.08625 0.0031779858)
(0.072787835 -0.073749994 0.0031779855)
(0.072780398 -0.093744396 0.0031776608)
(0.055075627 -0.093728698 0.0024046538)
(0.055075493 0.026270857 0.002404648)
(0.055075493 -0.033770857 0.002404648)
(0.055075493 -0.013770857 0.002404648)
(0.055075493 0.0062291431 0.002404648)
(0.055075493 -0.053770857 0.002404648)
(0.055075498 -0.073770857 0.0024046482)
(0.055075493 0.10622914 0.002404648)
(0.055075493 0.086229143 0.002404648)
(0.055075493 0.066270857 0.002404648)
(0.055075493 0.046270857 0.002404648)
(0.021586631 0.14950144 0.00094249268)
(0.028209336 0.15074979 0.0012316462)
(0.048840559 0.15181098 0.0021324249)
(0.063944976 -0.16295778 0.0027918979)
(0.054842215 -0.10379506 0.0023944628)
(0.054599218 0.14427576 0.0023838533)
(0.027334253 0.20890458 0.0011934393)
(0.0095292453 0.16296581 0.00041605583)
(0.044838931 -0.23992082 0.00195771)
(0.046600948 0.17228894 0.0020346413)
(0.034372078 -0.12776294 0.0015007173)
(0.054839834 -0.08375 0.0023943589)
(0.054839824 -0.06375 0.0023943584)
(0.054839824 -0.02375 0.0023943584)
(0.054839824 -0.00375 0.0023943584)
(0.054839824 0.01625 0.0023943584)
(0.054839824 -0.04375 0.0023943584)
(0.054839824 0.11625 0.0023943584)
(0.054839824 0.07625 0.0023943584)
(0.054839824 0.05625 0.0023943584)
(0.054839824 0.09625 0.0023943584)
(0.054839824 0.03625 0.0023943584)
(0.028537104 0.17395173 0.0012459569)
(0.026262832 -0.17666094 0.00114666)
(0.01637281 -0.10839324 0.00071485231)
(0.020681953 -0.10842624 0.00090299356)
(0.0033559763 -0.10858603 0.00014652509)
(0.0068413085 -0.10835654 0.00029869798)
(0.054255677 -0.11716912 0.002368854)
(0.0065675326 -0.11916515 0.00028674467)
(0.0045198168 0.14931236 0.00019733946)
(0.028342564 -0.10883755 0.0012374631)
(0.038827073 0.27688722 0.0016952266)
(0.011058557 0.14934283 0.00048282703)
(0.058070358 -0.12879653 0.0025354066)
(0.033501874 -0.14143909 0.0014627234)
(0.012342379 -0.14416115 0.00053887991)
(0.019293925 -0.12324439 0.00084239096)
(0.038807875 -0.10891656 0.0016943884)
(0.066740792 0.15239314 0.0029139659)
(0.010995348 -0.10847725 0.00048006725)
(0.036215498 0.14927167 0.0015812028)
(0.027589677 0.16468074 0.0012045913)
(0.054017662 0.13375 0.0023584621)
(0.029826744 -0.118683 0.0013022637)
(0.047228431 -0.10833453 0.0020620378)
(0.08168799 -0.0024864105 0.0035665747)
(0.08168799 -0.022486411 0.0035665747)
(0.08168799 -0.042486411 0.0035665747)
(0.081687989 -0.062486411 0.0035665746)
(0.081613394 0.017810998 0.0035633178)
(0.081613394 0.037810998 0.0035633178)
(0.08168799 0.077513589 0.0035665747)
(0.081613394 0.097810998 0.0035633178)
(0.081981046 0.11779827 0.0035793698)
(0.08168799 0.057513589 0.0035665747)
(0.081687467 -0.08248653 0.0035665518)
(0.082088963 -0.10190983 0.0035840815)
(0.076092017 0.16490307 0.0033222492)
(0.014120464 0.17497936 0.00061651277)
(0.081403364 0.14019631 0.0035541476)
(0.074417298 0.18250026 0.0032491294)
(0.043192965 0.14881238 0.0018858456)
(0.069841527 0.14517971 0.0030493469)
(0.013476317 0.1586146 0.00058838871)
(0.042687443 -0.1209296 0.001863774)
(0.043479544 -0.16994587 0.0018983579)
(0.065653033 -0.10968028 0.0028664733)
(0.053890494 0.1237007 0.0023529098)
(0.02162418 0.15641688 0.0009441321)
(0.065231974 0.1310599 0.0028480895)
(0.064930031 -0.099827002 0.0028349064)
(0.0062743672 -0.12466526 0.00027394479)
(0.050370196 -0.1400348 0.0021992103)
(0.016238316 0.14901559 0.00070898018)
(0.065919025 -0.079984084 0.0028780868)
(0.065916571 -0.087586742 0.0028779796)
(0.066020581 -0.059951141 0.0028825208)
(0.065133121 0.020486176 0.0028437735)
(0.065135538 -0.06798634 0.002843879)
(0.066020581 -0.019951141 0.0028825208)
(0.066020581 -0.039951141 0.0028825208)
(0.066020581 4.8858549e-05 0.0028825208)
(0.065133121 0.012015462 0.0028437735)
(0.065135538 -0.0079863403 0.002843879)
(0.065135538 -0.02798634 0.002843879)
(0.065135538 -0.04798634 0.002843879)
(0.065888524 0.032434383 0.0028767551)
(0.065919101 0.05241158 0.0028780901)
(0.065860321 0.11270783 0.0028755237)
(0.065582883 0.059887896 0.0028634105)
(0.065133121 0.092015462 0.0028437735)
(0.064889286 0.12030882 0.0028331274)
(0.065249779 0.071842836 0.0028488669)
(0.066020581 0.080048859 0.0028825208)
(0.065246395 0.10065693 0.0028487191)
(0.065095433 0.040481251 0.002842128)
(0.024431471 -0.10818676 0.0010667011)
(0.024042787 -0.1989802 0.0010497307)
(0.013787283 -0.10875731 0.00060196577)
(0.0050689071 0.15874074 0.00022131326)
(0.041471147 -0.10810845 0.0018106694)
(0.044128956 0.20191013 0.0019267118)
(0.032276267 -0.10758859 0.0014092123)
(0.054676616 0.1812594 0.0023872326)
(0.062391938 0.13925481 0.0027240908)
(0.014042507 0.19700005 0.00061310911)
(0.024784858 0.14938925 0.0010821303)
(0.057499305 0.16057495 0.0025104739)
(0.041957935 -0.2851937 0.001831923)
(0.032203805 0.14904704 0.0014060485)
(0.068716395 -0.12328051 0.0030002226)
(0.076115477 -0.1293108 0.0033232735)
(0.0076976381 0.14899009 0.00033608614)
(0.077497837 0.13303487 0.0033836286)
(0.053338151 0.14877187 0.0023287939)
(0.039788001 0.14957274 0.0017371816)
(0.067188784 0.22113419 0.0029335257)
(0.024693752 0.2313167 0.0010781525)
(0.057183517 0.12533617 0.0024966863)
(0.01330194 -0.16716924 0.00058077522)
(0.052910381 -0.09625 0.0023101171)
(0.052975601 -0.091267665 0.0023129647)
(0.058537826 -0.14846319 0.0025558167)
(0.05228317 -0.10842725 0.0022827325)
(0.0531176 -0.11193492 0.0023191645)
(0.052910381 -0.07125 0.0023101171)
(0.052910381 -0.03125 0.0023101171)
(0.052975579 -0.01623227 0.0023129637)
(0.052910381 -0.01125 0.0023101171)
(0.052910381 0.00875 0.0023101171)
(0.052975579 0.00376773 0.0023129637)
(0.052975579 -0.03623227 0.0023129637)
(0.052975579 -0.05623227 0.0023129637)
(0.052910381 -0.05125 0.0023101171)
(0.052975583 -0.076232271 0.0023129639)
(0.052975579 0.02873227 0.0023129637)
(0.052910381 0.02375 0.0023101171)
(0.052910381 0.10875 0.0023101171)
(0.052910381 0.08875 0.0023101171)
(0.052910381 0.06375 0.0023101171)
(0.052975579 0.06873227 0.0023129637)
(0.052975579 0.08376773 0.0023129637)
(0.052975579 0.10376773 0.0023129637)
(0.052975579 0.04873227 0.0023129637)
(0.052910381 0.04375 0.0023101171)
(0.048062231 -0.11997534 0.0020984423)
(0.041238456 -0.13414047 0.0018005099)
(0.0041796089 -0.11275075 0.00018248566)
(0.022291757 -0.13958333 0.00097327911)
(0.053215266 -0.08619975 0.0023234287)
(0.053215266 -0.08130025 0.0023234287)
(0.053215261 -0.06130025 0.0023234285)
(0.053232976 -0.066181888 0.0023242019)
(0.053215261 -0.02130025 0.0023234285)
(0.053232976 -0.026181888 0.0023242019)
(0.053232976 -0.046181888 0.0023242019)
(0.053232976 0.013818112 0.0023242019)
(0.053232976 -0.0061818884 0.0023242019)
(0.053215261 -0.0013002502 0.0023234285)
(0.053215261 -0.04130025 0.0023234285)
(0.053232976 0.018681888 0.0023242019)
(0.053215261 0.07380025 0.0023234285)
(0.053079635 0.11873035 0.0023175069)
(0.053215261 0.09869975 0.0023234285)
(0.053232976 0.058681888 0.0023242019)
(0.053215261 0.07869975 0.0023234285)
(0.053232976 0.11381811 0.0023242019)
(0.053215261 0.05380025 0.0023234285)
(0.053232976 0.093818112 0.0023242019)
(0.053232976 0.038681888 0.0023242019)
(0.053215261 0.03380025 0.0023234285)
(0.018615955 -0.11743632 0.00081279017)
(0.083085384 -0.089083568 0.0036275862)
(0.083099984 -0.069119603 0.0036282237)
(0.083099988 -0.049119608 0.0036282238)
(0.083099988 -0.0091196075 0.0036282238)
(0.083099988 -0.029119608 0.0036282238)
(0.083085068 0.010939874 0.0036275724)
(0.083074261 0.030969947 0.0036271006)
(0.08308918 0.050910465 0.0036277519)
(0.083147791 0.1109674 0.003630311)
(0.083099988 0.070880392 0.0036282238)
(0.083085068 0.090939874 0.0036275724)
(0.067093274 -0.18707466 0.0029293556)
(0.065345166 -0.20907464 0.0028530316)
(0.053229025 -0.10132856 0.0023240294)
(0.042032328 0.15910725 0.0018351711)
(0.0045343465 0.15435522 0.00019797384)
(0.010285388 -0.11428069 0.00044906974)
(0.025612897 -0.12260497 0.0011182832)
(0.060562683 0.12208444 0.0026442238)
(0.018569266 -0.10727343 0.00081075166)
(0.052859673 0.14127894 0.0023079032)
(0.065133361 0.24462816 0.002843784)
(0.075640037 -0.15238912 0.0033025153)
(0.031607172 0.15861099 0.0013799989)
(0.076641835 -0.10907975 0.0033462548)
(0.049172646 0.14775625 0.0021469241)
(0.014989299 -0.11428069 0.00065444694)
(0.043789241 -0.10703762 0.0019118795)
(0.01170975 -0.15504209 0.00051125872)
(0.057944618 0.14652856 0.0025299167)
(0.036188613 -0.10718204 0.0015800289)
(0.037352307 0.1717134 0.0016308369)
(0.057876581 -0.095667873 0.0025269461)
(0.060165709 -0.099262872 0.0026268916)
(0.040994737 -0.11620775 0.0017898689)
(0.05280887 0.13619023 0.002305685)
(0.052674223 0.13130249 0.0022998062)
(0.0088125537 -0.10701696 0.0003847644)
(0.057872926 -0.071831202 0.0025267865)
(0.060364649 -0.067943916 0.0026355775)
(0.057872922 -0.031831204 0.0025267863)
(0.060364648 -0.027943916 0.0026355775)
(0.057872922 -0.011831203 0.0025267863)
(0.060364648 -0.0079439164 0.0026355775)
(0.057872922 0.0081687965 0.0025267863)
(0.060329931 0.011973871 0.0026340617)
(0.057872922 -0.051831203 0.0025267863)
(0.060364648 -0.047943916 0.0026355775)
(0.057872922 0.024331203 0.0025267863)
(0.060329931 0.020526129 0.0026340617)
(0.057872922 0.088168796 0.0025267863)
(0.060364472 0.092056215 0.0026355698)
(0.05785479 0.064462291 0.0025259947)
(0.060721828 0.060705048 0.0026511723)
(0.05785479 0.10803771 0.0025259947)
(0.060740791 0.11177703 0.0026520002)
(0.057872922 0.044331203 0.0025267863)
(0.060352641 0.040467141 0.0026350532)
(0.030074851 0.19348135 0.0013130964)
(0.036892928 -0.1112277 0.00161078)
(0.033761139 -0.11318036 0.0014740431)
(0.066457313 0.16118197 0.0029015889)
(0.035676311 -0.1605928 0.0015576614)
(0.013235399 -0.12423594 0.00057787)
(0.049213163 -0.10690234 0.0021486931)
(0.0048866489 -0.10698688 0.0002133557)
(0.052851876 0.12633911 0.0023075627)
(0.022743243 -0.22988487 0.00099299143)
(0.059493827 0.13019476 0.0025975566)
(0.021676256 0.2587709 0.00094640576)
(0.037719789 0.15624089 0.0016468815)
(0.0090220987 0.18269959 0.00039391334)
(0.045728609 -0.10662914 0.0019965542)
(0.052203412 -0.10375 0.0022792502)
(0.0059809604 -0.13198835 0.00026113437)
(0.061151347 -0.088396453 0.0026699255)
(0.061152672 -0.079111776 0.0026699833)
(0.06115801 -0.059070629 0.0026702164)
(0.06115801 -0.019070629 0.0026702164)
(0.06115801 0.00092937123 0.0026702164)
(0.06115801 -0.039070629 0.0026702164)
(0.061141502 0.031568534 0.0026694956)
(0.060386138 0.10044516 0.0026365157)
(0.061165357 0.08089234 0.0026705372)
(0.060395019 0.072097124 0.0026369035)
(0.061145324 0.051565684 0.0026696625)
(0.018749848 0.1475016 0.00081863602)
(0.013743046 0.1474833 0.00060003435)
(0.013214102 0.21384676 0.00057694017)
(0.022527735 -0.10694946 0.00098358213)
(0.026387904 -0.10692275 0.0011521208)
(0.023518241 0.16055516 0.0010268286)
(0.0098780153 -0.11095604 0.00043128346)
(0.080263528 0.12563749 0.0035043813)
(0.022056008 -0.11378185 0.0009629861)
(0.0289029 0.14747303 0.0012619279)
(0.027104371 -0.11414085 0.0011834024)
(0.030297223 -0.10685889 0.0013228053)
(0.052173286 -0.093749273 0.0022779349)
(0.052173257 -0.073750626 0.0022779336)
(0.052173255 -0.013750625 0.0022779335)
(0.052173255 0.0062493746 0.0022779335)
(0.052173255 -0.033750625 0.0022779335)
(0.052173255 0.026250625 0.0022779335)
(0.052173255 -0.053750625 0.0022779335)
(0.052173255 0.10624937 0.0022779335)
(0.052173255 0.046250625 0.0022779335)
(0.052173255 0.086249375 0.0022779335)
(0.052173255 0.066250625 0.0022779335)
(0.052214068 -0.08875 0.0022797154)
(0.052235038 -0.08375 0.002280631)
(0.052214068 -0.07875 0.0022797154)
(0.052428837 -0.068736378 0.0022890925)
(0.052214067 -0.05875 0.0022797154)
(0.052238577 -0.063746428 0.0022807855)
(0.052428837 0.021236378 0.0022890925)
(0.052214067 -0.03875 0.0022797154)
(0.052238577 -0.043746428 0.0022807855)
(0.052428837 -0.028736378 0.0022890925)
(0.052214067 -0.01875 0.0022797154)
(0.052238577 -0.023746428 0.0022807855)
(0.052214067 0.00125 0.0022797154)
(0.052242119 0.01625 0.0022809402)
(0.052428837 0.011263622 0.0022890925)
(0.052428837 -0.0087363777 0.0022890925)
(0.052238577 -0.0037464277 0.0022807855)
(0.052428837 -0.048736378 0.0022890925)
(0.052211451 0.11625969 0.0022796012)
(0.052428837 0.091263622 0.0022890925)
(0.052235034 0.07625 0.0022806308)
(0.052238577 0.056246428 0.0022807855)
(0.052214067 0.07125 0.0022797154)
(0.052428837 0.061236378 0.0022890925)
(0.052214067 0.08125 0.0022797154)
(0.052214067 0.05125 0.0022797154)
(0.052238577 0.096253572 0.0022807855)
(0.052214067 0.10125 0.0022797154)
(0.052214067 0.03125 0.0022797154)
(0.052238577 0.036246428 0.0022807855)
(0.05232068 0.12170255 0.0022843702)
(0.052428837 0.11126362 0.0022890925)
(0.052428837 0.041236378 0.0022890925)
(0.052429544 -0.098765711 0.0022891233)
(0.067940576 0.12707024 0.0029663496)
(0.067965674 -0.11599826 0.0029674454)
(0.067584288 -0.095039982 0.0029507937)
(0.067587308 0.024946078 0.0029509256)
(0.067587308 -0.032446078 0.0029509256)
(0.067587308 0.0075539216 0.0029509256)
(0.067587308 -0.012446078 0.0029509256)
(0.067587308 -0.052446078 0.0029509256)
(0.067587308 0.044946078 0.0029509256)
(0.067587308 0.10494608 0.0029509256)
(0.067587308 0.067553922 0.0029509256)
(0.067587308 0.087553922 0.0029509256)
(0.067587303 -0.072446077 0.0029509254)
(0.034492583 -0.12193575 0.0015059787)
(0.075545231 0.012468804 0.003298376)
(0.075545231 -0.0075311963 0.003298376)
(0.075545231 -0.047531196 0.003298376)
(0.075545231 -0.027531196 0.003298376)
(0.075609243 0.032437782 0.0033011709)
(0.075545231 0.092468804 0.003298376)
(0.075545231 0.072468804 0.003298376)
(0.075649873 0.11232445 0.0033029448)
(0.075624241 0.052299552 0.0033018257)
(0.075545231 -0.067531195 0.003298376)
(0.07562171 -0.087696542 0.0033017152)
(0.046379457 0.16513797 0.0020249708)
(0.016580064 -0.10652623 0.00072390122)
(0.0071851915 0.17112972 0.00031371224)
(0.0496038 -0.11426944 0.0021657487)
(0.051989128 0.14383296 0.0022698944)
(0.012506018 0.15328352 0.00054602452)
(0.043085382 -0.11240707 0.0018811484)
(0.060268868 -0.10864428 0.0026313956)
(0.003470769 -0.11636544 0.00015153705)
(0.052156129 0.13875 0.0022771858)
(0.034206542 -0.10674124 0.0014934899)
(0.046356295 -0.11113615 0.0020239595)
(0.021283282 0.14691104 0.00092924815)
(0.045795109 0.14725062 0.0019994576)
(0.020553522 -0.10658072 0.00089738616)
(0.081196607 0.15745883 0.0035451204)
(0.053099817 -0.12403815 0.0023183881)
(0.064446279 -0.26282076 0.0028137853)
(0.028342564 -0.10652384 0.0012374631)
(0.057945472 -0.091901511 0.002529954)
(0.05794517 -0.075598981 0.0025299408)
(0.057945613 -0.055595485 0.0025299601)
(0.057945613 -0.015595485 0.0025299601)
(0.057945613 -0.035595485 0.0025299601)
(0.057945613 0.0044045154 0.0025299601)
(0.057944209 0.028095306 0.0025298988)
(0.057944534 0.048095064 0.002529913)
(0.057959937 0.084437243 0.0025305855)
(0.057881954 0.068209723 0.0025271807)
(0.057869185 0.10428531 0.0025266232)
(0.082325871 0.14902321 0.0035944251)
(0.04529774 0.15484909 0.001977742)
(0.024056626 0.15264417 0.001050335)
(0.02068111 0.17141538 0.00090295676)
(0.025003368 -0.2610643 0.0010916706)
(0.0020684231 -0.10693037 9.0309302e-05)
(0.064427434 -0.10482052 0.0028129625)
(0.012449387 -0.18327134 0.00054355195)
(0.058066269 0.14165753 0.0025352281)
(0.029923222 0.15429488 0.0013064761)
(0.0026704682 0.14721942 0.00011659516)
(0.030739881 -0.13375621 0.0013421322)
(0.053945658 0.16882174 0.0023553183)
(0.011214349 0.14684712 0.00048962906)
(0.045584009 -0.21829588 0.0019902408)
(0.029761903 0.18290463 0.0012994327)
(0.078416583 0.19416135 0.003423742)
(0.069602219 -0.037993165 0.0030388985)
(0.069602219 0.0020068354 0.0030388985)
(0.069602219 -0.017993165 0.0030388985)
(0.069428749 0.030101711 0.0030313246)
(0.069602219 -0.057993165 0.0030388985)
(0.069249662 0.062110073 0.0030235055)
(0.069602219 0.082006835 0.0030388985)
(0.069456301 0.11010939 0.0030325276)
(0.069461826 0.05005587 0.0030327688)
(0.069343666 0.12213675 0.0030276099)
(0.069529681 -0.078016693 0.0030357314)
(0.069457624 -0.089939169 0.0030325853)
(0.018082813 -0.12972316 0.00078951265)
(0.083030916 -0.12191889 0.0036252081)
(0.06175835 0.1557495 0.0026964278)
(0.057186255 -0.10192046 0.0024968058)
(0.0064315031 0.15157042 0.00028080549)
(0.051224394 -0.1316579 0.0022365053)
(0.027623831 0.30159246 0.0012060825)
(0.079283699 -0.13958026 0.0034616011)
(0.07456426 0.019689995 0.0032555459)
(0.074471514 0.039671309 0.0032514965)
(0.07456426 0.099689995 0.0032555459)
(0.015773687 -0.11081523 0.00068869406)
(0.012826319 -0.13550848 0.00056000919)
(0.074831267 -0.10057205 0.0032672037)
(0.060620202 0.29776856 0.0026467352)
(0.075788694 -0.17262988 0.0033090058)
(0.030652102 -0.10922385 0.0013382997)
(0.052679159 0.15477894 0.0023000218)
(0.081217148 0.17391216 0.0035460172)
(0.0050453441 -0.11000579 0.00022028448)
(0.057223317 -0.085608142 0.002498424)
(0.057151462 -0.081939216 0.0024952867)
(0.057362042 -0.061726781 0.0025044808)
(0.057163461 -0.06553232 0.0024958106)
(0.057155577 0.018064502 0.0024954664)
(0.057362042 -0.041726781 0.0025044808)
(0.057362042 -0.021726781 0.0025044808)
(0.057163461 -0.02553232 0.0024958106)
(0.057362042 -0.001726781 0.0025044808)
(0.057163461 -0.0055323198 0.0024958106)
(0.057138021 0.01441775 0.0024946999)
(0.057163461 -0.04553232 0.0024958106)
(0.057362042 0.034226781 0.0025044808)
(0.057197138 0.11441192 0.002497281)
(0.057579357 0.11830884 0.002513969)
(0.057153238 0.098094959 0.0024953643)
(0.057145691 0.094452533 0.0024950347)
(0.057158991 0.074433828 0.0024956155)
(0.057193834 0.058054525 0.0024971367)
(0.057362042 0.054226781 0.0025044808)
(0.057058611 0.077983491 0.0024912327)
(0.05716244 0.038034295 0.002495766)
(0.040070521 -0.10658139 0.0017495167)
(0.010100152 -0.12078348 0.00044098216)
(0.037935948 -0.11410986 0.0016563193)
(0.0040817433 0.16510889 0.00017821276)
(0.013964013 0.15024772 0.00060968196)
(0.023727395 0.14700691 0.0010359604)
(0.0030927152 -0.12014861 0.00013503086)
(0.057220318 -0.10562488 0.002498293)
(0.0068436779 -0.10649026 0.00029880143)
(0.033881802 0.14703054 0.0014793114)
(0.038218636 -0.10655091 0.0016686617)
(0.051625703 -0.10607814 0.0022540269)
(0.064878295 0.26762273 0.0028326475)
(0.0060196163 0.14704474 0.00026282212)
(0.026256445 0.14710733 0.0011463811)
(0.063585956 0.016251801 0.0027762228)
(0.063716993 -0.043695328 0.002781944)
(0.063716993 -0.0036953281 0.002781944)
(0.063716993 -0.023695328 0.002781944)
(0.063716993 -0.063695328 0.002781944)
(0.064029392 0.03625 0.0027955836)
(0.063926656 0.05619487 0.0027910981)
(0.063740777 0.11600217 0.0027829824)
(0.063734933 0.096291115 0.0027827272)
(0.064029392 0.07625 0.0027955836)
(0.064029413 -0.083749998 0.0027955846)
(0.01260063 -0.10669289 0.00055015538)
(0.058808405 0.13731384 0.0025676304)
(0.051926888 0.12876732 0.0022671769)
(0.013883527 0.16770781 0.00060616787)
(0.071031826 -0.11127739 0.0031013165)
(0.070528506 0.13091275 0.0030793411)
(0.074724226 0.14017428 0.0032625302)
(0.022668714 -0.10914552 0.00098973742)
(0.061235904 -0.12225086 0.0026736173)
(0.047366462 -0.1063732 0.0020680644)
(0.0068620296 -0.11526176 0.00029960268)
(0.0092702203 0.15797116 0.00040474656)
(0.065637772 0.14168587 0.002865807)
(0.026222837 -0.10922338 0.0011449138)
(0.041876254 -0.10634549 0.0018283567)
(0.01477678 -0.10672828 0.00064516815)
(0.048344963 0.19042504 0.0021107867)
(0.073105701 0.15735903 0.0031918638)
(0.044474128 0.2498151 0.0019417824)
(0.081643465 -0.11435844 0.0035646307)
(0.01851878 0.15021815 0.00080854738)
(0.036232225 0.1467916 0.0015819331)
(0.031485804 0.14671012 0.0013746999)
(0.021206599 -0.11101298 0.00092590013)
(0.067239691 -0.23340282 0.0029357483)
(0.051881115 0.13374854 0.0022651784)
(0.039876336 -0.12549936 0.0017410384)
(0.05037565 -0.15902793 0.0021994484)
(0.010773006 -0.10643875 0.0004703596)
(0.021701575 -0.11988118 0.00094751124)
(0.016977559 0.1559471 0.00074125621)
(0.05610431 0.13198 0.0024495671)
(0.041277345 0.14697846 0.0018022078)
(0.038489884 0.14710241 0.0016805046)
(0.06760441 -0.30427983 0.0029516723)
(0.037776289 0.15232013 0.0016493484)
(0.07676344 0.20902257 0.0033515642)
(0.057064469 -0.11251405 0.0024914885)
(0.069955843 -0.098654819 0.003054338)
(0.056838258 0.20991372 0.0024816119)
(0.027456747 -0.11122226 0.0011987875)
(0.062982738 0.14824482 0.0027498857)
(0.070147528 -0.069095959 0.0030627072)
(0.07014753 -0.049095961 0.0030627073)
(0.07014753 -0.029095961 0.0030627073)
(0.07014753 -0.0090959608 0.0030627073)
(0.070139087 0.010910335 0.0030623387)
(0.069942893 0.021527148 0.0030537727)
(0.069965548 0.1015613 0.0030547618)
(0.070170379 0.070869875 0.0030637049)
(0.070139087 0.090910335 0.0030623387)
(0.06941316 0.040776749 0.003030644)
(0.07900129 0.02497292 0.0034492708)
(0.078995947 0.044954519 0.0034490376)
(0.079261797 0.10512032 0.0034606448)
(0.074642023 -0.00048615615 0.0032589411)
(0.074642023 -0.020486156 0.0032589411)
(0.074642023 -0.040486156 0.0032589411)
(0.074642023 -0.060486156 0.0032589411)
(0.074642023 0.079513844 0.0032589411)
(0.074549053 0.059486291 0.0032548819)
(0.074998496 0.12006503 0.0032745051)
(0.074581978 -0.080528257 0.0032563195)
(0.021728776 -0.30538314 0.00094869886)
(0.05607581 0.13555478 0.0024483228)
(0.079056862 -0.09502711 0.0034516971)
(0.083719423 -0.10833447 0.003655269)
(0.0087416719 0.14674656 0.00038166964)
(0.083798682 0.13177374 0.0036587295)
(0.029335217 -0.12723462 0.0012808032)
(0.055479392 -0.17567161 0.0024222825)
(0.015401939 -0.1206449 0.00067246318)
(0.040538013 0.21543654 0.0017699279)
(0.0093040779 -0.11743425 0.00040622481)
(0.05549152 -0.096099143 0.0024228121)
(0.0062299317 -0.13923819 0.00027200469)
(0.0087431092 -0.10927959 0.00038173239)
(0.043536428 0.14660829 0.0019008415)
(0.03290715 0.16759045 0.0014367572)
(0.058711409 -0.1366342 0.0025633955)
(0.070896407 0.17174948 0.003095404)
(0.065531342 -0.13051891 0.0028611602)
(0.079037458 -0.035145974 0.00345085)
(0.079037458 -0.015145974 0.00345085)
(0.07903619 0.0048590842 0.0034507946)
(0.079037458 -0.055145974 0.00345085)
(0.079029553 0.064851683 0.0034505048)
(0.07903619 0.084859084 0.0034507946)
(0.0790323 -0.075149554 0.0034506247)
(0.055488701 0.023900515 0.002422689)
(0.055488701 0.0085994849 0.002422689)
(0.055488701 -0.011400515 0.002422689)
(0.055488701 -0.031400515 0.002422689)
(0.055488701 -0.051400515 0.002422689)
(0.055488703 -0.071400515 0.0024226891)
(0.055484168 0.10856671 0.0024224911)
(0.055484168 0.063933287 0.0024224911)
(0.055488701 0.088599485 0.002422689)
(0.055488701 0.043900515 0.002422689)
(0.031334729 -0.11507918 0.0013681038)
(0.051902195 0.14602698 0.0022660988)
(0.030574377 -0.12339326 0.0013349061)
(0.039415279 -0.18306778 0.0017209082)
(0.030217377 -0.15039222 0.0013193192)
(0.0022870417 -0.11054091 9.9854398e-05)
(0.065592086 0.12402739 0.0028638123)
(0.022971427 -0.16006463 0.0010029542)
(0.018504523 -0.10981542 0.0008079249)
(0.045682922 0.15057344 0.0019945594)
(0.041415794 -0.1102307 0.0018082526)
(0.0015422882 -0.10864587 6.7337758e-05)
(0.0028132872 0.15192974 0.00012283077)
(0.03643322 -0.1092245 0.0015907087)
(0.064178832 0.17781794 0.0028021083)
(0.044369402 0.18024699 0.0019372099)
(0.0020007144 0.14947613 8.7353079e-05)
(0.065556116 -0.036127362 0.0028622418)
(0.065556116 0.0038726381 0.0028622418)
(0.065556116 -0.016127362 0.0028622418)
(0.065474449 0.028692587 0.0028586762)
(0.065556116 -0.056127362 0.0028622418)
(0.065537562 0.048592245 0.0028614318)
(0.065556652 0.083869939 0.0028622652)
(0.065371062 0.06376813 0.0028541622)
(0.065422393 0.10871118 0.0028564034)
(0.065543037 -0.076134474 0.0028616708)
(0.065476536 -0.091306721 0.0028587673)
(0.016240055 0.1468001 0.00070905613)
(0.027267773 0.15995041 0.0011905367)
(0.03217525 -0.1106911 0.0014048018)
(0.018216945 0.15983539 0.000795369)
(0.045372023 -0.10854093 0.0019809853)
(0.055492178 -0.091443226 0.0024228408)
(0.02444272 -0.1064118 0.0010671922)
(0.040247948 0.16639103 0.0017572634)
(0.01983965 0.15280685 0.00086621784)
(0.055492066 -0.07605677 0.0024228359)
(0.055492173 -0.056055895 0.0024228406)
(0.055492173 -0.016055895 0.0024228406)
(0.055492173 -0.036055895 0.0024228406)
(0.055492173 0.0039441046 0.0024228406)
(0.055491822 0.028555851 0.0024228253)
(0.055491903 0.04855579 0.0024228288)
(0.055495754 0.083952286 0.0024229969)
(0.055476258 0.068584455 0.0024221457)
(0.055473066 0.1039143 0.0024220064)
(0.044181013 -0.11790536 0.0019289847)
(0.07806678 -0.1982854 0.0034084692)
(0.0092168235 0.15144575 0.0004024152)
(0.051793575 0.12384847 0.0022613563)
(0.061947814 0.13456401 0.0027047)
(0.076244272 0.23338532 0.0033288968)
(0.054223753 -0.1062068 0.0023674602)
(0.076577938 0.14528237 0.003343465)
(0.014674902 0.16279414 0.00064072007)
(0.035615226 0.17873858 0.0015549943)
(0.038761568 -0.12028937 0.0016923666)
(0.03101356 0.15176143 0.0013540813)
(0.061481518 0.11869095 0.0026843411)
(0.055268509 0.14149056 0.0024130752)
)


// ************************************************************************* //
